DTUSAT                  
1 27842U 03031C   13022.01942934  .00000108  00000-0  69671-4 0  5921
2 27842  98.6920  33.4806 0008230 288.1164 129.6212 14.21390961496093
CUTE-1 (CO-55)          
1 27844U 03031E   13022.55407182  .00000131  00000-0  80341-4 0  5612
2 27844  98.7030  33.7425 0008779 312.8828 193.1929 14.21150446496046
QUAKESAT                
1 27845U 03031F   13022.51960166  .00000195  00000-0  11030-3 0  6085
2 27845  98.7124  33.6744 0008111 336.1177 177.1047 14.20909569495904
AAU CUBESAT             
1 27846U 03031G   13022.99447816  .00000184  00000-0  10445-3 0  4760
2 27846  98.6923  34.4266 0008627 289.2699  70.7550 14.21389636496230
CANX-1                  
1 27847U 03031H   13023.02582470  .00000173  00000-0  99360-4 0  4720
2 27847  98.6915  34.4260 0008463 287.9180  72.1078 14.21358156496182
CUBESAT XI-IV (CO-57)   
1 27848U 03031J   13022.01807922  .00000117  00000-0  74470-4 0  5095
2 27848  98.7114  32.6513 0008747 320.8113 104.2807 14.20884788495904
UWE-1                   
1 28892U 05043C   13022.54869759  .00000404  00000-0  91336-4 0  4306
2 28892  97.8827 243.4971 0017526 175.9760 216.3174 14.60917441385791
CUBESAT XI-V (CO-58)    
1 28895U 05043F   13022.61736688  .00000433  00000-0  97203-4 0  3862
2 28895  97.8854 244.9008 0017783 177.0032 183.1275 14.60942214385699
NCUBE-2                 
1 28897U 05043H   13022.55901739  .00000825  00000-0  17608-3 0  9612
2 28897  97.8861 244.7734 0016793 175.9956 184.1340 14.61200931378000
CSTB1                   
1 31122U 07012F   13022.97309174  .00000640  00000-0  14587-3 0  7230
2 31122  97.8638  33.6121 0084170 126.4164 234.4836 14.56782036306597
MAST                    
1 31126U 07012K   13022.91146517  .00000475  00000-0  11537-3 0  6640
2 31126  97.8751  27.1867 0093843 145.1602 215.5788 14.54416411306207
LIBERTAD-1              
1 31128U 07012M   13022.47966472 -.00000045  00000-0  00000+0 0  7333
2 31128  97.8890  22.9833 0101416 161.4955 199.0008 14.53193995305823
POLYSAT CP3             
1 31129U 07012N   13022.99636872  .00000457  00000-0  11272-3 0  3721
2 31129  97.8873  23.9223 0100784 158.7692 201.7713 14.53437041305909
CAPE1                   
1 31130U 07012P   13022.50586729  .00000410  00000-0  10242-3 0  6767
2 31130  97.8875  23.1222 0101381 161.1561 199.3428 14.53278921305625
POLYSAT CP4             
1 31132U 07012Q   13023.00287702  .00000445  00000-0  10530-3 0  6773
2 31132  97.8614  32.7118 0084761 126.9955 233.9040 14.56301517306443
NTS (CANX-6)            
1 32784U 08021B   13023.22337478  .00000633  00000-0  84509-4 0  5325
2 32784  97.7712  83.5712 0016581  64.9416 326.8465 14.82818612256295
CUTE-1.7+APD II (CO-65) 
1 32785U 08021C   13022.72094707  .00000639  00000-0  83785-4 0  5326
2 32785  97.7721  84.2926 0015558  68.1347  78.3294 14.83547589256307
COMPASS-1               
1 32787U 08021E   13022.22143208  .00001163  00000-0  14258-3 0  5246
2 32787  97.7725  84.4907 0015994  67.2964   5.7988 14.84923665256301
AAUSAT-II               
1 32788U 08021F   13023.14454904  .00001420  00000-0  17105-3 0  5157
2 32788  97.7740  85.9104 0015501  63.6793 348.9592 14.85332802256477
DELFI-C3 (DO-64)        
1 32789U 08021G   13022.25027494  .00002719  00000-0  30539-3 0  5371
2 32789  97.7880  88.0186 0015068  62.1863 339.1727 14.87484889256429
CANX-2                  
1 32790U 08021H   13023.22316840  .00000771  00000-0  10001-3 0  5263
2 32790  97.7691  84.3533 0016193  66.9502 324.9905 14.83438530256358
SEEDS II (CO-66)        
1 32791U 08021J   13023.18448656  .00001008  00000-0  12665-3 0  5127
2 32791  97.7729  84.9659 0016379  64.6397   3.7173 14.84174184256362
SWISSCUBE               
1 35932U 09051B   13022.31278933  .00000370  00000-0  99892-4 0  9341
2 35932  98.3496 130.3149 0009010 146.2392 282.5765 14.53355463176683
BEESAT                  
1 35933U 09051C   13023.17456481  .00007988  00000-0  19109-2 0  1876
2 35933  98.3439 131.6906 0004924 167.1506 192.9369 14.53824664176873
UWE-2                   
1 35934U 09051D   13022.29027906  .00003372  00000-0  81574-3 0  5733
2 35934  98.3409 130.2980 0006505 161.2357 198.9001 14.53681899176740
ITUPSAT 1               
1 35935U 09051E   13023.17886413  .00001974  00000-0  48744-3 0  1259
2 35935  98.3543 131.8745 0008732 146.4454 213.7204 14.53161506176797
TISAT 1                 
1 36799U 10035E   13023.12499472  .00001941  00000-0  24641-3 0  7409
2 36799  98.0448 106.9697 0014837 174.6848 185.4511 14.82798599137073
DICE-F                  
1 37851U 11061B   13022.22166100  .00003984  00000-0  31346-3 0  4055
2 37851 101.7157 168.5180 0241397  86.1138 276.7621 14.81754020 66803
DICE-Y                  
1 37852U 11061C   13022.87925723  .00004118  00000-0  32058-3 0  4041
2 37852 101.7175 169.7503 0238954  83.4394 279.3945 14.82440845 66913
RAX-2                   
1 37853U 11061D   13022.41426178  .00004275  00000-0  33365-3 0  4059
2 37853 101.7107 168.7194 0239377  84.8811 277.9646 14.82245418 66846
AUBIESAT-1              
1 37854U 11061E   13022.90686205  .00004264  00000-0  32726-3 0  4040
2 37854 101.7138 170.0217 0239277  82.3938 280.4315 14.82840421 66921
M-CUBED & EXP-1 PRIME   
1 37855U 11061F   13022.00470159  .00004744  00000-0  36446-3 0  4003
2 37855 101.7135 168.5622 0240126  85.1943 277.6626 14.82569331 66788
E-ST@R                  
1 38079U 12006C   13022.80994830  .00029651  00000-0  64649-3 0  8292
2 38079  69.4810 167.3797 0671102 326.9290  29.1486 14.32792461 48837
2012-006D               
1 38080U 12006D   13022.81574159  .00030225  00000-0  67311-3 0  7841
2 38080  69.4731 167.1472 0667956 327.3396  28.7943 14.33025410 48830
MASAT 1                 
1 38081U 12006E   13022.49745926  .00030617  00000-0  67924-3 0  8170
2 38081  69.4775 168.1348 0669385 327.6623  28.5040 14.32797909 48784
XATCOBEO                
1 38082U 12006F   13022.82840169  .00035103  32181-5  76462-3 0  8704
2 38082  69.4833 164.6024 0647430 325.2955  30.7479 14.38275610 48913
PW-SAT                  
1 38083U 12006G   13022.79723470  .00033155  00000-0  72213-3 0  9645
2 38083  69.4786 165.9215 0657015 326.1672  29.9039 14.35788696 48870
2012-006H               
1 38084U 12006H   13022.49970043  .00029401  00000-0  64281-3 0  8568
2 38084  69.4829 168.9631 0674850 327.8298  28.3258 14.31940857 48761
2012-006J               
1 38085U 12006J   13022.49738385  .00029377  00000-0  64685-3 0  7806
2 38085  69.4827 169.3297 0677445 327.9944  28.1496 14.31244415 48753
RAIKO                   
1 38852U 98067CN  13023.21612585  .00036003  00000-0  44971-3 0  1188
2 38852  51.6517 105.4341 0013562 177.6780 182.4165 15.59387127 17142
FITSAT-1 (NIWAKA)       
1 38853U 98067CP  13022.45738346  .00047065  00000-0  55208-3 0  1161
2 38853  51.6523 108.6272 0009330 188.2346 171.8499 15.60966972 17080
TECHEDSAT               
1 38854U 98067CQ  13023.23137989  .00071237  00000-0  70718-3 0  1289
2 38854  51.6533 103.2841 0008000 200.9478 159.1119 15.65076725 17223
F-1                     
1 38855U 98067CR  13023.24562644  .00071045  00000-0  71833-3 0  1322
2 38855  51.6430 103.3819 0008323 205.6157 154.4011 15.64612036 17117
WE-WISH                 
1 38856U 98067CS  13022.53918849  .00184159  00000-0  12074-2 0  1519
2 38856  51.6393 103.8893 0006644 196.6752 163.4014 15.74639917 17040
