SAUDISAT 1A             
1 26545U 00057A   13022.39043211  .00000561  00000-0  87446-4 0  3758
2 26545  64.5529  22.2265 0056661 273.5755  85.8869 14.81947077665977
UNISAT                  
1 26547U 00057C   13023.14166708  .00001215  00000-0  15651-3 0  3914
2 26547  64.5551 351.4089 0060750 277.4594  81.9559 14.84679868666677
SAUDISAT 1B             
1 26549U 00057E   13022.54195821  .00000421  00000-0  72020-4 0  4639
2 26549  64.5562  45.8229 0060899 278.2253 249.9778 14.80731007665506
MOZHAYETS               
1 27560U 02054B   13023.03608280  .00000420  00000-0  10450-3 0  2203
2 27560  97.9813 181.7167 0043479  70.2855 290.3028 14.55856396538130
SAUDISAT 1C             
1 27607U 02058C   13023.07114985  .00000321  00000-0  70087-4 0  9746
2 27607  64.5596 345.8599 0064416 202.6572 157.1669 14.72743020542340
UNISAT 2                
1 27608U 02058D   13023.03189226  .00000364  00000-0  72877-4 0  9839
2 27608  64.5586 293.0177 0045244 200.6247 159.3016 14.75544490543446
SAUDISAT 2              
1 28371U 04025F   13023.13474788  .00000159  00000-0  48477-4 0  6034
2 28371  97.9353  22.9454 0024886 283.1222  76.7196 14.53343692454473
UNISAT 3                
1 28373U 04025H   13022.78182918  .00000336  00000-0  10739-3 0  4390
2 28373  98.1302 351.9392 0071398  54.2119 306.5668 14.44019621451949
SSETI EXPRESS (XO-53)   
1 28894U 05043E   13022.49917330  .00000180  00000-0  46286-4 0  5969
2 28894  97.8787 242.8122 0017810 179.7709 242.0887 14.60244767385757
SAUDISAT 3              
1 31118U 07012B   13023.09060265  .00000168  00000-0  37049-4 0  2042
2 31118  97.8418  77.3784 0015806  12.6033 347.5573 14.68356841309253
