ATS 1                   
1 02608U 66110A   13021.22031067 -.00000341  00000-0  10000-3 0  3962
2 02608   5.7045 305.1308 0005670 192.9992 167.1677  1.00382890 85692
ATS 3                   
1 03029U 67111A   13021.81884714 -.00000086  00000-0  10000-3 0   381
2 03029   7.4851 310.5002 0017552  87.0699 273.2657  1.00271920165568
ORIZURU (DEBUT)         
1 20479U 90013B   13022.76061759 -.00000012  00000-0  37959-4 0  4563
2 20479  99.0473  79.8932 0539977  63.9684  79.5425 12.83740092 75831
SURFSAT                 
1 23711U 95059B   13022.02744412 -.00000279  00000-0 -46187-3 0  2828
2 23711 100.3945  11.6546 0368457   2.6082 357.6839 13.12614681824932
MAQSAT H                
1 25023U 97066A   13020.17248017  .00000007  00000-0  28685-3 0  1896
2 25023   7.6034 198.7458 6498558 161.0694 234.8057  3.09656594172026
MAQSAT B                
1 25024U 97066B   13021.79698154 -.00000156  00000-0 -79904-3 0  2266
2 25024   7.6334 195.1081 6507474 167.6137 187.8726  3.08789065171865
TEAMSAT                 
1 25025U 97066C   13021.81097884 -.00000145  00000-0 -39322-3 0  1923
2 25025   7.6696 213.8925 6513544 130.7188 357.5828  3.07928775171382
OPAL (OO-38)            
1 26063U 00004C   13022.17795053  .00000047  00000-0  36195-4 0  5979
2 26063 100.2114  70.4406 0037229 157.7116 235.0370 14.36151691680674
FALCONSAT               
1 26064U 00004D   13022.15023234  .00000035  00000-0  32135-4 0  5598
2 26064 100.2149  67.5277 0038370 167.5110 226.1732 14.35673238680473
PICOSAT 1 & 2 [TETHERED]
1 26080U 00004H   13022.16269211  .00000392  00000-0  13884-3 0   392
2 26080 100.1927 105.5513 0032394  80.0880 280.3949 14.41213658680827
PICOSAT 3               
1 26091U 00004J   13023.21585199  .00000905  00000-0  27441-3 0  6993
2 26091 100.1877 125.5982 0030803  18.8007 341.4290 14.45110414681355
PICOSAT 4               
1 26092U 00004K   13023.22561879  .00000482  00000-0  16611-3 0  5125
2 26092 100.1891  99.3644 0035092  71.0326 289.4654 14.41313168680198
PICOSAT 5               
1 26093U 00004L   13022.35397116  .00000920  00000-0  26872-3 0  4328
2 26093 100.1835 134.9260 0031464 352.8290   7.2430 14.46924079682077
PICOSAT 6               
1 26094U 00004M   13022.65474467  .00000463  00000-0  16271-3 0  4837
2 26094 100.1939  95.9470 0035203  88.5719 271.9505 14.40544010679522
SNAP 1                  
1 26386U 00033C   13023.22350169  .00000420  00000-0  85279-4 0  8224
2 26386  98.2105  89.1367 0012185  28.1563 332.0288 14.66184938671918
PICOSAT 9               
1 26930U 01043B   13022.11922903 -.00000026  00000-0  22018-4 0  2262
2 26930  67.0003 244.7934 0005630 217.3677 142.7051 14.30254332590762
PROBA-1                 
1 26958U 01049B   13023.18393532  .00000764  00000-0  77946-4 0  7067
2 26958  97.4579  46.0507 0078038 308.9703  50.4561 14.91278009611810
BIRD 2                  
1 26959U 01049C   13023.12784581  .00002981  00000-0  14689-3 0  4974
2 26959  97.8809 237.4369 0012746 241.5072 233.8330 15.18746277621222
CUTE-1 (CO-55)          
1 27844U 03031E   13022.55407182  .00000131  00000-0  80341-4 0  5612
2 27844  98.7030  33.7425 0008779 312.8828 193.1929 14.21150446496046
CANX-1                  
1 27847U 03031H   13023.02582470  .00000173  00000-0  99360-4 0  4720
2 27847  98.6915  34.4260 0008463 287.9180  72.1078 14.21358156496182
CUBESAT XI-IV (CO-57)   
1 27848U 03031J   13022.01807922  .00000117  00000-0  74470-4 0  5095
2 27848  98.7114  32.6513 0008747 320.8113 104.2807 14.20884788495904
NAXING 1                
1 28221U 04012B   13022.87710435  .00000548  00000-0  62684-4 0  4188
2 28221  97.4984   3.3767 0012706 141.0256 250.9558 14.89626857476028
ST5-A                   
1 28980U 06008A   13022.84818377  .00009260  00000-0  50674-3 0  1719
2 28980 105.6258  63.2094 2248488  85.4529  15.3603 10.83937260265728
ST5-B                   
1 28981U 06008B   13022.33343514  .00020548  22997-5  59556-3 0  1792
2 28981 105.4835 130.7361 2102421 344.6264  32.3655 11.23652527269508
ST5-C                   
1 28982U 06008C   13023.22266700  .00019412  19564-5  66368-3 0  2449
2 28982 105.5168 110.9272 2154667  17.8604  10.8168 11.10484235268331
GENESIS 1               
1 29252U 06029A   13022.19345019  .00002322  00000-0  16460-3 0  8074
2 29252  64.5097 101.2351 0027801 212.2651 147.6725 15.07174755358755
FALCONSAT-3             
1 30776U 07006E   13023.14894318  .00003360  00000-0  20826-3 0  5341
2 30776  35.4325  11.4889 0001849 177.0801 278.8093 15.09428527323484
GENESIS 2               
1 31789U 07028A   13021.82933531  .00001897  00000-0  13524-3 0  5513
2 31789  64.5097 135.7397 0055656 261.5968 243.2123 15.06752125305863
APRIZESAT 4             
1 35684U 09041D   13023.21528249  .00000566  00000-0  86547-4 0   972
2 35684  98.0584 299.8539 0048482 228.7900 130.9118 14.76963606187895
APRIZESAT 3             
1 35686U 09041F   13023.21153279  .00000623  00000-0  78246-4 0  1131
2 35686  98.1006 315.2293 0077452 192.3895 167.5411 14.83886211188735
PROBA-2                 
1 36037U 09059B   13022.15311914  .00000084  00000-0  31804-4 0   314
2 36037  98.2969 215.9845 0012525 236.0604 262.0422 14.52326831170814
PRISMA (MANGO)          
1 36599U 10028B   13022.18275800  .00000277  00000-0  97643-4 0  4558
2 36599  98.3131 197.1253 0042346 201.7908 158.1497 14.41332573137057
PRISMA (TANGO)          
1 36827U 10028F   13022.94639163  .00000277  00000-0  97769-4 0   412
2 36827  98.3124 197.8688 0042612 198.9794 160.9791 14.41333063128916
APRIZESAT 5             
1 37792U 11044E   13023.16999594  .00000564  00000-0  93753-4 0  5654
2 37792  98.2265 115.3726 0061755 125.5089 235.1890 14.72923526 77240
APRIZESAT 6             
1 37793U 11044F   13023.11721604  .00000580  00000-0  10319-3 0  5851
2 37793  98.2226 112.8459 0049488 129.5022 231.0575 14.70210023 77090
ALMASAT-1               
1 38078U 12006B   13022.92316801  .00013815  00000-0  35666-3 0  9406
2 38078  69.4813 176.2809 0723645 331.7548  24.6015 14.18318811 48602
