GIOVE-A                 
1 28922U 05051A   13020.38106004 -.00000029  00000-0  10000-3 0   540
2 28922  56.3045 122.7344 0005189   8.9565 351.0433  1.69434259 43826
GIOVE-B                 
1 32781U 08020A   13021.63872076  .00000021  00000-0  10000-3 0  6845
2 32781  56.8631 157.6921 0002714 159.6867 200.2797  1.65403864 29510
GALILEO-PFM (GSAT0101)  
1 37846U 11060A   13020.79949151 -.00000036  00000-0  00000+0 0  1774
2 37846  54.8344 116.9596 0002421 276.2480  83.7243  1.70474357  7791
GALILEO-FM2 (GSAT0102)  
1 37847U 11060B   13020.73363454 -.00000036  00000-0  10000-3 0  1770
2 37847  54.8361 116.9594 0003645 261.8847  98.0740  1.70474621  7790
GALILEO-FM3 (GSAT0103)  
1 38857U 12055A   13022.01510657  .00000062  00000-0  10000-3 0   451
2 38857  55.2899 236.7237 0000309 185.4015 174.6674  1.70473479  1735
GALILEO-FM4 (GSAT0104)  
1 38858U 12055B   13021.94997609  .00000061  00000-0  00000+0 0   408
2 38858  55.2896 236.7262 0000610  54.7677 305.3059  1.70473491  1732
