LES 9                   
1 08747U 76023B   13022.27229031 -.00000082  00000-0  10000-3 0  8824
2 08747  12.7067 114.4263 0021848  16.3754 343.5965  1.00276495 80615
GOES 3                  
1 10953U 78062A   13021.93135365 -.00000092  00000-0  10000-3 0   844
2 10953  14.5394 348.2873 0004968  74.0674 286.0128  1.00277363 79851
ESIAFI 1 (COMSTAR 4)    
1 12309U 81018A   13019.44036009 -.00000169  00000-0  10000-3 0  6384
2 12309  14.6804 358.2369 0002362 359.1065   0.9113  1.00274754118350
SATCOM C5               
1 13631U 82105A   13022.00661460 -.00000109  00000-0  10000-3 0   997
2 13631  14.3452  18.2706 0003922 313.4954  46.5033  1.00272316 77304
GSTAR 1                 
1 15677U 85035A   13020.05921773 -.00000110  00000-0  00000+0 0  6121
2 15677  13.1953  35.5642 0007300 318.8125  41.1630  1.00272250 76145
GSTAR 3                 
1 19483U 88081A   13022.97381271 -.00000112  00000-0  10000-3 0  8680
2 19483  15.6186   7.7266 0007741  44.1203 315.9684  1.00272707 85550
TDRS 3                  
1 19548U 88091B   13022.42224205 -.00000298  00000-0  10000-3 0    09
2 19548  13.9811  25.7935 0011537 330.5381 228.6330  1.00264287 76336
LEASAT 5                
1 20410U 90002B   13023.03494075 -.00000074  00000-0  10000-3 0  8332
2 20410  10.3654  25.7526 0000946 268.3955 272.9568  1.00272118 69637
INTELSAT 603 (IS-603)   
1 20523U 90021A   13023.03148883 -.00000009  00000-0  10000-3 0  2041
2 20523   9.3089  51.4017 0000801 286.6317 160.1939  1.00125873 76664
COSMOS 2085             
1 20693U 90061A   13022.50147847 -.00000153  00000-0  10000-3 0  3820
2 20693  14.1325  22.1692 0003872  30.9919 329.0642  1.00277747 82439
SKYNET 4C               
1 20776U 90079A   13021.26061921 -.00000035  00000-0  10000-3 0  5721
2 20776  12.2707  33.3498 0003139 274.3736 265.5841  1.00274242 81867
INMARSAT 2-F1           
1 20918U 90093A   13022.84630051 -.00000356  00000-0  10000-3 0  3067
2 20918   9.2853  42.6126 0003376 251.9375 241.4442  1.00275331 77862
COSMOS 2133             
1 21111U 91010A   13021.54585736 -.00000066  00000-0  10000-3 0  5754
2 21111  13.4920  27.9303 0006905  33.4265 326.6511  1.00279115 80361
INMARSAT 2-F2           
1 21149U 91018A   13022.30472807  .00000100  00000-0  00000+0 0  3652
2 21149   8.6195  43.8045 0003653 251.7464 153.9515  1.00273342 80153
TDRS 5                  
1 21639U 91054B   13021.22203559  .00000091  00000-0  10000-3 0  2071
2 21639  12.5112  39.8093 0017539 341.4805  11.7707  1.00277549 78639
GORIZONT 27             
1 22245U 92082A   13022.45853686 -.00000318  00000-0  10000-3 0  8591
2 22245  13.5986  30.3100 0011537 265.6892  94.2175  1.00153286 78123
COSMOS 2224             
1 22269U 92088A   13022.52944320 -.00000131  00000-0  10000-3 0  9524
2 22269  12.8321  33.1178 0003652 110.7950 249.2856  1.00151846 73105
TDRS 6                  
1 22314U 93003B   13022.34401204 -.00000290  00000-0  10000-3 0  2374
2 22314  11.9307  42.6147 0012927 319.2546 197.9894  1.00262955 73377
ASTRA 1C                
1 22653U 93031A   13019.13255321  .00000001  00000-0  10000-3 0   121
2 22653   5.6168  61.6954 0004692 229.4720 237.1831  1.00271015 67212
ACTS                    
1 22796U 93058B   13022.07014286 -.00000108  00000-0  10000-3 0  1218
2 22796  12.1260  41.8859 0015411 349.6494  10.3578  1.00271671 77830
INTELSAT 701 (IS-701)   
1 22871U 93066A   13022.43473832 -.00000139  00000-0  10000-3 0   658
2 22871   0.9749  77.2591 0004238 219.0227 139.1340  1.00272068 70398
SOLIDARIDAD 1           
1 22911U 93073A   13020.10236488 -.00000079  00000-0  10000-3 0  6432
2 22911  10.7233  47.2853 0004630 102.0851 257.9961  1.00271058 68829
NATO 4B                 
1 22921U 93076A   13021.19812288  .00000136  00000-0  10000-3 0  8417
2 22921  10.3793  39.4251 0003333 253.5953 294.4815  1.00270853 70061
INTELSAT 702 (IS-702)   
1 23124U 94034A   13022.64546286  .00000154  00000-0  10000-3 0  8736
2 23124   1.3271  76.2256 0002828 230.8421  80.4088  1.00273654 82305
APSTAR 1                
1 23185U 94043A   13022.74851490 -.00000092  00000-0  10000-3 0  2477
2 23185   7.3702  56.3646 0002283 260.9556 237.3704  1.00272163 67773
DIRECTV 2 (DBS 2)       
1 23192U 94047A   13022.21832863  .00000000  00000-0  00000+0 0   598
2 23192   5.4822  62.3958 0010280 221.7967 138.1196  0.98634434 77406
OPTUS B3                
1 23227U 94055A   13019.46498376 -.00000083  00000-0  10000-3 0  1235
2 23227   4.4971  64.4292 0002666 228.4336 157.4884  1.00271948 67369
NSS-703                 
1 23305U 94064A   13019.43514391 -.00000284  00000-0  00000+0 0  7655
2 23305   2.9660  69.3177 0003061 208.8865 310.3498  1.00270186 67082
SOLIDARIDAD 2           
1 23313U 94065A   13022.32706144 -.00000030  00000-0  10000-3 0  2723
2 23313   4.2957  65.0721 0004201 231.4703 188.0750  1.00272301 66983
ASTRA 1D                
1 23331U 94070A   13019.94610462  .00000127  00000-0  10000-3 0  5202
2 23331   4.6959  63.4868 0002815 230.9360 188.7397  1.00274413 67201
RADUGA 32               
1 23448U 94087A   13020.57436203 -.00000064  00000-0  10000-3 0  5873
2 23448  12.7887  37.1540 0005730 126.0757 234.0081  1.00276704 83858
BRASILSAT B2            
1 23536U 95016A   13023.10847306 -.00000275  00000-0  10000-3 0  7692
2 23536   4.3384  65.3109 0002114 235.3334 152.9779  1.00271619 65343
AMSC 1                  
1 23553U 95019A   13022.30666473 -.00000109  00000-0  10000-3 0  6065
2 23553   7.4875  56.3662 0005111 221.9015 210.6192  1.00272598 65148
INTELSAT 706 (IS-706)   
1 23571U 95023A   13022.80543032 -.00000158  00000-0  10000-3 0  6929
2 23571   1.2591  75.8715 0003713 195.5728 293.1787  1.00380810 64763
TDRS 7                  
1 23613U 95035B   13021.87426044 -.00000199  00000-0  10000-3 0  3807
2 23613  13.4690  33.2308 0031643 346.2652 141.3156  1.00277991 64179
TELSTAR 4 (TELSTAR 402R)
1 23670U 95049A   13022.11821881 -.00000071  00000-0  10000-3 0  3989
2 23670   8.2878  53.9619 0001877 262.3932  97.6131  1.00300958 63479
LUCH 1                  
1 23680U 95054A   13021.58146354 -.00000115  00000-0  10000-3 0  2192
2 23680  11.7874  46.4734 0008318   5.7197 354.3237  1.00277837 63322
ASTRA 1E                
1 23686U 95055A   13022.58659213 -.00000347  00000-0  10000-3 0  6521
2 23686   2.3028  72.9138 0003359 218.1595 150.4506  1.00269776 63292
ECHOSTAR 1              
1 23754U 95073A   13022.21781575 -.00000241  00000-0  10000-3 0  8170
2 23754   0.0496 253.5336 0002055  49.6469 179.7912  1.00271992 62374
AFRICASAT-1 (MEASAT-1)  
1 23765U 96002B   13022.05231126  .00000126  00000-0  10000-3 0  5290
2 23765   4.6561  63.9605 0001114 168.5032 313.9101  1.00274807 62340
ABS-1A                  
1 23768U 96003A   13021.82250516 -.00000092  00000-0  10000-3 0  7590
2 23768   5.3943  61.9627 0000908 346.5376  83.7087  1.00271832 62335
INTELSAT 707 (IS-707)   
1 23816U 96015A   13020.98029554  .00000026  00000-0  10000-3 0  5515
2 23816   0.2113  75.0610 0069942 243.5016  40.8833  0.98480208 61753
INMARSAT 3-F1           
1 23839U 96020A   13022.60543759  .00000011  00000-0  10000-3 0  6622
2 23839   0.7677  73.7358 0005536 220.0162 110.7660  1.00272388 61569
ASTRA 1F                
1 23842U 96021A   13022.74711759  .00000086  00000-0  00000+0 0  7953
2 23842   0.0635  41.9217 0003115 248.4963 155.6651  1.00273295 61471
MSAT M1                 
1 23846U 96022A   13022.31657676 -.00000086  00000-0  10000-3 0  3950
2 23846   4.9088  63.2702 0005852 238.7222 187.2697  1.00272457 61386
PALAPA C2               
1 23864U 96030A   13022.43873789 -.00000200  00000-0  10000-3 0  6431
2 23864   2.4609  71.0684 0001956 223.1793 136.1163  1.00270759 61100
INTELSAT 709 (IS-709)   
1 23915U 96035A   13019.92377520  .00000124  00000-0  10000-3 0  7003
2 23915   0.6568  79.0920 0003117 205.2429 215.1633  1.00273498 60821
APSTAR 1A               
1 23943U 96039A   13022.65715552  .00000096  00000-0  10000-3 0   330
2 23943   6.6999  58.1416 0000576 230.7951 121.5862  1.00272449 60653
INMARSAT 3-F2           
1 24307U 96053A   13021.32474737 -.00000124  00000-0  10000-3 0  5520
2 24307   0.0791  22.3363 0005870 267.9655 291.9132  1.00270835 59966
ECHOSTAR 2              
1 24313U 96055A   13022.03824510 -.00000268  00000-0  10000-3 0  5378
2 24313   3.9403  66.0010 0003201 333.4745  26.4634  1.00226806 60008
AMC-1 (GE-1)            
1 24315U 96054A   13021.58737823 -.00000102  00000-0  10000-3 0    00
2 24315   0.0129 338.9080 0003193 307.4577 303.1563  1.00271238 59952
ARABSAT-2B              
1 24652U 96063A   13022.81854399  .00000149  00000-0  10000-3 0  7051
2 24652   0.4269  81.0395 0001022 234.7981 132.7552  1.00160443 59803
AFRICASAT-2 (MEASAT-2)  
1 24653U 96063B   13022.44043031 -.00000223  00000-0  10000-3 0  7991
2 24653   4.6140  64.0051 0000159 284.6631  79.8279  1.00272765 59363
EUTELSAT 48A            
1 24665U 96067A   13022.61842707  .00000119  00000-0  10000-3 0  6435
2 24665   3.3493  68.0974 0004358 228.6042  96.2613  1.00274610 59603
INMARSAT 3-F3           
1 24674U 96070A   13022.51168358  .00000040  00000-0  10000-3 0  5893
2 24674   0.1544  77.3653 0006103 228.7641 178.1706  1.00274709 58935
AMC-2 (GE-2)            
1 24713U 97002A   13022.12184850  .00000117  00000-0  10000-3 0  5474
2 24713   1.1428  75.8709 0005067 227.8980 240.7110  1.00274037  9340
INTELSAT 26 (IS-26)     
1 24732U 97007A   13022.74699563  .00000107  00000-0  10000-3 0  3309
2 24732   4.5727  64.1615 0003630 230.7032 146.5446  1.00273511 58268
INTELSAT 801 (IS-801)   
1 24742U 97009A   13023.22696380 -.00000218  00000-0  10000-3 0  2505
2 24742   3.8020  66.7450 0004135 250.0131 218.1391  1.00269969 58276
DFH 3-2                 
1 24798U 97021A   13021.58390158 -.00000157  00000-0  10000-3 0  1434
2 24798   8.0231  54.8212 0009466 353.0740   6.9336  1.00169948 57518
THOR II                 
1 24808U 97025A   13023.26135532 -.00000200  00000-0  10000-3 0  2676
2 24808   3.8583  64.1547 0003838 233.5464 228.5569  0.98972755 57446
GALAXY 25 (G-25)        
1 24812U 97026A   13022.40893873 -.00000162  00000-0  00000+0 0  5514
2 24812   0.0050 281.3617 0003167  21.9389 232.7164  1.00271944 57398
INMARSAT 3-F4           
1 24819U 97027A   13022.32866988 -.00000289  00000-0  10000-3 0  4345
2 24819   2.7093  68.9724 0005050 233.7038 243.4776  1.00272005 57359
SUPERBIRD-A3            
1 24880U 97036A   13022.85649904 -.00000257  00000-0  10000-3 0  4174
2 24880   3.6878  66.9408 0001939  48.8041  47.9066  1.00271105 56679
ABS-3 (AGILA 2)         
1 24901U 97042A   13022.12132251 -.00000029  00000-0  10000-3 0  7874
2 24901   1.7199  75.1422 0005452 218.6578 228.4023  1.00272772 56492
INTELSAT 5 (IS-5)       
1 24916U 97046A   13022.70867463 -.00000345  00000-0  10000-3 0  4595
2 24916   0.2742  79.4826 0003441 224.7741 203.6895  1.00129520 56569
METEOSAT-7              
1 24932U 97049B   13022.62062102  .00000057  00000-0  10000-3 0  4650
2 24932   8.1438  53.8397 0002358 199.3142 149.8012  1.00269576 56370
AMC-3 (GE-3)            
1 24936U 97050A   13023.24900068 -.00000272  00000-0  00000+0 0  5147
2 24936   0.0118 314.2656 0004035 312.4390 238.6631  1.00270428 56382
NSS-5                   
1 24957U 97053A   13020.73893795  .00000110  00000-0  00000+0 0  4949
2 24957   0.5810  78.7075 0003182 206.4209 151.6499  1.00274843 56155
ECHOSTAR 3              
1 25004U 97059A   13022.23233968 -.00000282  00000-0  10000-3 0  4076
2 25004   0.0241 325.6051 0001631 339.5757 198.3928  1.00271161 56079
INDOSTAR 1              
1 25050U 97071B   13022.67694304 -.00000270  00000-0  00000+0 0  8812
2 25050   6.5554  58.4952 0001429 300.0611 103.4462  1.00195261 55699
JCSAT-1B                
1 25067U 97075A   13022.68100568 -.00000203  00000-0  10000-3 0  7314
2 25067   2.4742  70.8658 0005221 232.2909 214.1679  1.00273142 55495
ASTRA 1G                
1 25071U 97076A   13018.00000000  .00000149  00000-0  00000+0 0  2599
2 25071   0.0530 334.8160 0002785 304.1210 230.1070  1.00272895 55459
HGS-1 (ASIASAT 3)       
1 25126U 97086A   13022.06235573 -.00000274  00000-0  10000-3 0  7238
2 25126   4.6624  78.8581 0045275 270.9475  88.4457  1.00191663 56075
BRASILSAT B3            
1 25152U 98006A   13023.17200022 -.00000218  00000-0  10000-3 0  7782
2 25152   0.8320  80.4690 0001089 135.4508 248.6335  1.00160121 54902
INMARSAT 3-F5           
1 25153U 98006B   13022.81828940  .00000140  00000-0  10000-3 0  4508
2 25153   0.3109   3.1822 0004300 284.0707 154.3612  1.00269269 54862
EUTELSAT 16B            
1 25237U 98013A   13022.81806832  .00000102  00000-0  10000-3 0  5458
2 25237   1.1196  77.0864 0005414 215.6999 139.8205  1.00274842 54898
NSS-806                 
1 25239U 98014A   13022.11076051 -.00000261  00000-0  10000-3 0   267
2 25239   0.0160 353.0533 0003458 301.4254 186.4982  1.00272008 54659
NILESAT 101             
1 25311U 98024A   13022.03381801 -.00000058  00000-0  10000-3 0  3775
2 25311   0.1288  74.6694 0004555 239.5654 172.4869  1.00272524 54258
COSMOS 2350             
1 25315U 98025A   13021.58898042 -.00000086  00000-0  10000-3 0  7976
2 25315  10.1815  46.8459 0007415  22.4869 337.5803  1.00258561 53979
CHINASAT 5A (ZX 5A)     
1 25354U 98033A   13021.89004885 -.00000208  00000-0  10000-3 0  6342
2 25354   0.0186  82.8620 0003076 216.8768 229.6106  1.00274292 58215
THOR III                
1 25358U 98035A   13022.32970843 -.00000040  00000-0  10000-3 0  1364
2 25358   2.3985  71.0990 0002385 227.2410 297.8521  1.00272669 53649
INTELSAT 805 (IS-805)   
1 25371U 98037A   13023.13677429 -.00000285  00000-0  10000-3 0   523
2 25371   0.0277 250.0186 0002804  55.6255 170.6962  1.00270654 53509
CHINASAT 5B (ZX 5B)     
1 25404U 98044A   13022.66019135 -.00000283  00000-0  10000-3 0  1225
2 25404   1.1812  75.3571 0004751 214.9898 213.0314  1.00094576 53358
ST-1                    
1 25460U 98049A   13021.89004885 -.00000214  00000-0  10000-3 0  3958
2 25460   1.2377  75.9214 0004150 228.1131 225.9150  1.00271824 52809
ASTRA 2A                
1 25462U 98050A   13022.21138688  .00000149  00000-0  00000+0 0  5311
2 25462   0.0426 126.1589 0001032  50.9978  48.8026  1.00271436 52794
INTELSAT 7 (IS-7)       
1 25473U 98052A   13022.78974042 -.00000026  00000-0  00000+0 0  5415
2 25473   0.0071 349.6848 0003385 304.7362 180.8041  1.00273061 52589
SIRIUS 3                
1 25492U 98056B   13021.17860429  .00000103  00000-0  10000-3 0  2164
2 25492   3.4919  67.6008 0001269 211.7660 316.7853  1.00271548 52455
EUTELSAT 25A            
1 25495U 98057A   13020.73894376  .00000142  00000-0  10000-3 0  4454
2 25495   0.1118  66.3922 0005674 245.1596 100.2357  1.00276722 52361
AFRISTAR                
1 25515U 98063A   13023.04978184  .00000127  00000-0  10000-3 0  1664
2 25515   0.5455  76.7812 0004313 221.1600 223.4668  1.00272293 52164
AMC-5 (GE-5)            
1 25516U 98063B   13022.39888984 -.00000228  00000-0  10000-3 0  1584
2 25516   2.2501  72.1505 0004716 226.2496 246.1532  1.00271004 52195
INTELSAT 8 (IS-8)       
1 25522U 98065A   13022.51451696 -.00000031  00000-0  10000-3 0  3138
2 25522   0.0290 250.8050 0002936  46.2074 179.2009  1.00272739 52154
BONUM-1                 
1 25546U 98068A   13021.89423836  .00000077  00000-0  10000-3 0  3029
2 25546   1.1268  77.6506 0002787 189.3921 232.2547  1.00271429 51973
SATMEX 5                
1 25558U 98070A   13022.40084933 -.00000013  00000-0  10000-3 0   976
2 25558   0.0159  14.8496 0002175 273.5065 221.0324  1.00272713 51976
GALAXY 26 (G-26)        
1 25626U 99005A   13021.89645053  .00000115  00000-0  10000-3 0  1196
2 25626   0.0445 263.8796 0003179  36.0037 194.2197  1.00271859 51064
JCSAT-4A                
1 25630U 99006A   13021.54229628 -.00000357  00000-0  10000-3 0  1458
2 25630   0.0469 248.3230 0002252 177.9910  13.9127  1.00269315 50920
SKYNET 4E               
1 25639U 99009B   13021.19534580  .00000140  00000-0  10000-3 0  2895
2 25639   8.0430  42.3104 0003198 242.6170 298.4321  1.00274088 50957
ASIASAT 3S              
1 25657U 99013A   13022.67510699 -.00000334  00000-0  10000-3 0  4000
2 25657   0.0245 259.6865 0002191  43.2615 167.7476  1.00273366 50756
EUTELSAT 21A            
1 25673U 99018A   13022.74693464  .00000094  00000-0  10000-3 0  5264
2 25673   0.1791  81.6213 0003105  43.8622 313.7495  1.00501346 50522
NIMIQ 1                 
1 25740U 99027A   13022.49942329 -.00000174  00000-0  00000+0 0  2428
2 25740   0.1749  75.4493 0006507 257.3331 237.8732  1.00272140 50133
ASTRA 1H                
1 25785U 99033A   13018.00000000  .00000114  00000-0  00000+0 0  1799
2 25785   0.5770  78.5400 0001330  62.7930 355.6130  1.00271220 49816
TELKOM 1                
1 25880U 99042A   13022.70218042 -.00000344  00000-0  10000-3 0  4495
2 25880   0.0195 222.4020 0002087 106.9068 153.6616  1.00272407 49328
ABS-7                   
1 25894U 99046A   13022.71821997 -.00000362  00000-0  10000-3 0  2661
2 25894   0.0492 237.7361 0001926 132.0866 126.8449  1.00271305 48092
GALAXY 27 (G-27)        
1 25922U 99052A   13021.88577280  .00000136  00000-0  10000-3 0  1689
2 25922   0.0170  35.3657 0002308 278.5339 171.4371  1.00273695 48817
ABS-1                   
1 25924U 99053A   13021.60828140 -.00000087  00000-0  10000-3 0  2896
2 25924   0.0432 252.0012 0001468 359.5922 163.4516  1.00272007 48837
DIRECTV 1R              
1 25937U 99056A   13021.82197918  .00000079  00000-0  00000+0 0  4278
2 25937   0.5671  76.2589 0001487 212.3031 184.4473  1.00272975 48697
TELSTAR 12 (ORION 2)    
1 25949U 99059A   13021.19084788 -.00000120  00000-0  00000+0 0  2674
2 25949   0.0586 257.1197 0002906  38.7030 238.5803  1.00272138 48555
AMC-4 (GE-4)            
1 25954U 99060A   13023.24899659 -.00000272  00000-0  10000-3 0  4643
2 25954   0.0296  53.3858 0000493 220.4905 231.4959  1.00272548 48424
GALAXY 11 (G-11)        
1 26038U 99071A   13023.13676848 -.00000285  00000-0  10000-3 0  5173
2 26038   0.0354 199.4908 0000625 125.2433 151.5339  1.00267980 48042
ZHONGXING-22            
1 26058U 00003A   13021.15688587 -.00000047  00000-0  10000-3 0  1616
2 26058   4.2353  63.0457 0002720 220.6847 139.2608  0.97321341 47623
HISPASAT 1C             
1 26071U 00007A   13022.16131912 -.00000217  00000-0  00000+0 0  9030
2 26071   0.0341  41.1234 0004055 283.5695 185.0125  1.00270483 47573
GARUDA 1                
1 26089U 00011A   13022.53847411 -.00000356  00000-0  10000-3 0  1056
2 26089   1.1358 229.7628 0002047  99.9567 109.1759  1.00274753 47450
SUPERBIRD-B2            
1 26095U 00012A   13022.74358787 -.00000092  00000-0  10000-3 0  4061
2 26095   0.0519 245.0841 0002493  60.1560 246.6708  1.00272356 47414
EXPRESS-A2              
1 26098U 00013A   13021.88950638 -.00000325  00000-0  10000-3 0  8784
2 26098   6.2416  59.5739 0018889  88.9189  35.7030  1.00266635 47111
ASIASTAR                
1 26107U 00016A   13020.97574524 -.00000332  00000-0  10000-3 0  3371
2 26107   0.0272 334.4543 0004234 318.3729 283.9213  1.00270162 47065
EUTELSAT 16C            
1 26243U 00019A   13021.20894292  .00000094  00000-0  10000-3 0  1674
2 26243   1.0495  75.9734 0003610 194.1355 300.2821  1.00273641 46742
EUTELSAT 36A            
1 26369U 00028A   13022.81859431  .00000155  00000-0  10000-3 0  2227
2 26369   0.0651 352.0161 0004225 301.1715 159.8720  1.00272891 46416
TDRS 8                  
1 26388U 00034A   13022.64095830 -.00000223  00000-0  10000-3 0  8112
2 26388   4.4315  73.6794 0003689 180.5156 187.6687  1.00265940 46127
COSMOS 2371             
1 26394U 00036A   13021.58225885 -.00000146  00000-0  10000-3 0  1913
2 26394   9.5212  50.4419 0002883   6.8838 353.1503  1.00275119 45962
ECHOSTAR 6              
1 26402U 00038A   13022.21306307 -.00000244  00000-0  10000-3 0  3994
2 26402   0.9624  77.4152 0002887 223.1806 180.9984  1.00272052 45883
INTELSAT 9 (IS-9)       
1 26451U 00043A   13023.03764172 -.00000269  00000-0  10000-3 0  9558
2 26451   0.2597  80.7375 0001031 235.1913 136.9987  1.00270417 45781
BRASILSAT B4            
1 26469U 00046A   13022.54885297 -.00000210  00000-0  10000-3 0  2141
2 26469   0.0694 229.5871 0002138  52.5539 313.4218  1.00268195 45569
NILESAT 102             
1 26470U 00046B   13022.03381801 -.00000058  00000-0  10000-3 0  8583
2 26470   0.0285 267.5193 0006637  29.1261 190.0550  1.00272655 45560
RADUGA-1 5              
1 26477U 00049A   13020.59546459 -.00000100  00000-0  10000-3 0  5411
2 26477   9.3929  50.9923 0002692 353.8097   6.2112  1.00203860 45407
ASTRA 2B                
1 26494U 00054A   13022.21242851  .00000150  00000-0  00000+0 0  1804
2 26494   0.0406 340.9934 0004630 323.9105 281.4384  1.00273369 45263
AMC-7 (GE-7)            
1 26495U 00054B   13022.41595139  .00000096  00000-0  10000-3 0   721
2 26495   0.0207  12.2930 0002824 278.1650 204.1860  1.00274050 45288
NSS-11 (AAP-1)          
1 26554U 00059A   13022.70174090 -.00000345  00000-0  10000-3 0  3050
2 26554   0.0405 263.0920 0001406  25.7869 194.1133  1.00270563 45132
N-SAT-110 (JCSAT-110)   
1 26559U 00060A   13022.85042069 -.00000351  00000-0  10000-3 0  2510
2 26559   0.0184  71.9176 0000319 192.9825 273.6396  1.00270999 45060
AMC-6 (GE-6)            
1 26580U 00067A   13022.53090897 -.00000259  00000-0  10000-3 0  1761
2 26580   0.0434 287.4089 0003079   3.7201 310.0099  1.00270815 44918
INTELSAT 12 (IS-12)     
1 26590U 00068A   13021.88577280  .00000136  00000-0  10000-3 0  9598
2 26590   0.0123 342.7672 0003734 316.3779 186.1063  1.00272903 44832
INTELSAT 1R (IS-1R)     
1 26608U 00072A   13022.40014897 -.00000282  00000-0  10000-3 0  5850
2 26608   0.0338 208.8296 0000955  59.3412 307.7630  1.00271440 44683
ANIK F1                 
1 26624U 00076A   13022.22439296 -.00000074  00000-0  10000-3 0  9264
2 26624   0.0306 106.6483 0002521 221.1037 127.4542  1.00272254 44663
ASTRA 2D                
1 26638U 00081A   13022.81837324  .00000149  00000-0  00000+0 0  1555
2 26638   0.7365  80.6741 0000960 187.1894 177.0036  1.00273980 44380
AMC-8 (GE-8)            
1 26639U 00081B   13020.41417610  .00000103  00000-0  00000+0 0   742
2 26639   0.0245 324.2269 0002463 332.9865 192.8064  1.00273213 44320
TURKSAT 2A              
1 26666U 01002A   13022.61350020  .00000146  00000-0  10000-3 0  1711
2 26666   0.0516 258.9151 0005239  32.3978  93.6241  1.00271170 44093
SICRAL 1                
1 26694U 01005A   13022.78955546  .00000099  00000-0  10000-3 0  1646
2 26694   4.4156  64.3851 0003292 243.6205 114.6509  1.00273594 43839
SKYNET 4F               
1 26695U 01005B   13022.32913488 -.00000245  00000-0  10000-3 0  8175
2 26695   6.4964  49.5770 0002512 246.2382 270.5166  1.00272077 43817
EUTELSAT 28A            
1 26719U 01011A   13022.81565185  .00000150  00000-0  00000+0 0  3376
2 26719   0.0653 341.9703 0003407 301.3631 161.0681  1.00272238 43521
XM-2 (ROCK)             
1 26724U 01012A   13022.54897420 -.00000023  00000-0  10000-3 0  4212
2 26724   0.0990 275.9166 0003645  42.7348 245.7833  1.00272772 43482
XM-1 (ROLL)             
1 26761U 01018A   13022.54800900 -.00000023  00000-0  10000-3 0  2630
2 26761   0.0934 243.2612 0003701 347.9178 332.8830  1.00273809 42957
INTELSAT 10 (IS-10)     
1 26766U 01019A   13020.73809075  .00000125  00000-0  00000+0 0  1745
2 26766   0.0284  62.4376 0001618 357.5099  13.5151  1.00274232 42840
INTELSAT 901 (IS-901)   
1 26824U 01024A   13022.26138469 -.00000141  00000-0  10000-3 0  9953
2 26824   0.0101 352.3057 0003641 305.9225 259.6134  1.00272491 42609
ASTRA 2C                
1 26853U 01025A   13018.00000000  .00000114  00000-0  00000+0 0  9743
2 26853   0.0680   7.9580 0003776 319.9720 168.8100  1.00272263 42501
ARTEMIS                 
1 26863U 01029A   13022.26939821  .00000114  00000-0  10000-3 0  4260
2 26863  10.3537  51.6330 0002777 264.0780 284.4722  1.00276595 43331
GOES 12                 
1 26871U 01031A   13022.32850980 -.00000286  00000-0  10000-3 0  9038
2 26871   2.7397  70.7498 0002837 258.1992 210.6083  1.00256882 42193
INTELSAT 902 (IS-902)   
1 26900U 01039A   13021.84033438  .00000032  00000-0  10000-3 0   316
2 26900   0.0177  14.3559 0003163 286.6409 184.8597  1.00273159 41778
EUTELSAT 8 WEST A       
1 26927U 01042A   13020.06834887 -.00000069  00000-0  10000-3 0  7867
2 26927   0.0544 348.4544 0004442 304.9838 202.6626  1.00271092 41496
DIRECTV 4S              
1 26985U 01052A   13021.27776356 -.00000114  00000-0  10000-3 0  9944
2 26985   0.0177  84.0218 0001498 192.0972 203.4873  1.00271356 40918
INSAT-3C                
1 27298U 02002A   13022.66881851 -.00000077  00000-0  10000-3 0  9206
2 27298   0.0522  79.1185 0001666 256.7375 101.0639  1.00272132 40309
ECHOSTAR 7              
1 27378U 02006A   13022.37228538 -.00000000  00000-0  10000-3 0  1684
2 27378   0.0247 299.1653 0001611 332.9247 224.9733  1.00270857 39996
INTELSAT 904 (IS-904)   
1 27380U 02007A   13020.73819208  .00000048  00000-0  10000-3 0   631
2 27380   0.0273  39.2080 0003189 252.6988 154.0849  1.00272791 40012
TDRS 9                  
1 27389U 02011A   13022.16389549 -.00000262  00000-0  10000-3 0   666
2 27389   2.0051 119.4312 0013517 254.7558 125.4263  1.00278941 41373
JCSAT-2A                
1 27399U 02015A   13022.53932025 -.00000165  00000-0  10000-3 0  8946
2 27399   0.0109 243.2734 0001778  43.6796 183.2334  1.00272601 39695
ASTRA 3A                
1 27400U 02015B   13022.81826653  .00000137  00000-0  00000+0 0  7132
2 27400   0.6186  77.3900 0005171 195.6016 167.5608  1.00274011 39702
INTELSAT 903 (IS-903)   
1 27403U 02016A   13021.15745892 -.00000239  00000-0  10000-3 0  7754
2 27403   0.0064  20.7633 0003200 279.6866 202.3929  1.00271754 39677
NSS-7                   
1 27414U 02019A   13022.09763100 -.00000155  00000-0  00000+0 0   659
2 27414   0.0189 311.7238 0002090 358.6147 186.3813  1.00271395 39514
DIRECTV 5 (TEMPO 1)     
1 27426U 02023A   13023.18118125 -.00000056  00000-0  10000-3 0   812
2 27426   0.0044 247.4903 0003653  56.5373 133.7311  1.00272147 39269
INTELSAT 905 (IS-905)   
1 27438U 02027A   13022.09880653 -.00000185  00000-0  00000+0 0  6140
2 27438   0.0169 281.1997 0003155   0.0386 211.4198  1.00272522 39009
EXPRESS-A4              
1 27441U 02029A   13022.27212598 -.00000115  00000-0  10000-3 0  1810
2 27441   3.0289  69.2734 0000691 293.9639 202.5088  1.00271253 38906
GALAXY 3C (G-3C)        
1 27445U 02030A   13022.53254917 -.00000151  00000-0  10000-3 0  7227
2 27445   0.0092 146.5090 0000043 287.9643 144.1936  1.00272974 38883
EUTELSAT 5 WEST A       
1 27460U 02035A   13022.32970843 -.00000042  00000-0  10000-3 0  8522
2 27460   0.0476 326.5024 0004841 331.8814 297.1306  1.00271647 38675
N-STAR C                
1 27461U 02035B   13022.70757965 -.00000308  00000-0  10000-3 0  5851
2 27461   1.4408  76.6591 0002069 195.4649 240.8007  1.00270779 38687
EUTELSAT HOT BIRD 13A   
1 27499U 02038A   13022.12170366  .00000087  00000-0  00000+0 0  2412
2 27499   0.0804 267.5190 0005828  18.4161 252.4900  1.00274608 38189
ECHOSTAR 8              
1 27501U 02039A   13022.21781661 -.00000242  00000-0  10000-3 0  1545
2 27501   0.0181  58.5403 0002819 247.4423 177.2334  1.00271417 38201
EUTELSAT 12 WEST A      
1 27508U 02040A   13022.27230725 -.00000100  00000-0  10000-3 0  9585
2 27508   0.0666 340.2836 0004426 350.7290 236.2656  1.00272985 38184
METEOSAT-8 (MSG-1)      
1 27509U 02040B   13022.12161980  .00000059  00000-0  10000-3 0  2109
2 27509   1.8214  62.0242 0000679 155.1098 317.5396  1.00266543 38189
INTELSAT 906 (IS-906)   
1 27513U 02041A   13022.74736153  .00000015  00000-0  10000-3 0  8055
2 27513   0.0282  35.8895 0002853 267.1421 152.3756  1.00272400 38063
KODAMA (DRTS)           
1 27516U 02042B   13021.77138909 -.00000237  00000-0  10000-3 0   729
2 27516   1.9007  73.4602 0002416 221.4732 194.7572  1.00269668 38022
KALPANA-1 (METSAT 1)    
1 27525U 02043A   13020.11675435 -.00000082  00000-0  10000-3 0  6169
2 27525   3.3355  68.2411 0006191 208.1990 319.1522  1.00271155 37960
HISPASAT 1D             
1 27528U 02044A   13022.16131912 -.00000216  00000-0  00000+0 0  7072
2 27528   0.0546 290.8607 0006123  15.3507 203.5197  1.00272623 37916
EUTELSAT 70A            
1 27554U 02051A   13022.74730054  .00000091  00000-0  10000-3 0  7766
2 27554   0.0558 304.0335 0001660 282.0222 226.9537  0.99876864 37317
TDRS 10                 
1 27566U 02055A   13022.50927912  .00000083  00000-0  10000-3 0  7848
2 27566   2.0019  64.7478 0011877 199.7884 226.4260  1.00277217 37195
NSS-6                   
1 27603U 02057A   13022.85082793 -.00000269  00000-0  00000+0 0  6222
2 27603   0.0477 269.8506 0002696  32.3525 221.4110  1.00271112 37058
NIMIQ 2                 
1 27632U 02062A   13022.53057252 -.00000173  00000-0  00000+0 0  5949
2 27632   0.0351 199.0082 0003223  73.0871 309.7835  1.00270769 36901
INTELSAT 907 (IS-907)   
1 27683U 03007A   13022.10543123 -.00000203  00000-0  10000-3 0  3751
2 27683   0.0173 339.0668 0003619 314.9255 198.0637  1.00272513 36411
INSAT-3A                
1 27714U 03013A   13022.25687083 -.00000258  00000-0  10000-3 0  4989
2 27714   0.0130  92.2577 0005970 197.0816  18.3765  1.00272306 35887
GALAXY 12 (G-12)        
1 27715U 03013B   13022.66937421  .00000059  00000-0  10000-3 0  6495
2 27715   0.0083  91.6682 0002380 209.5418 292.9000  1.00272985 35935
ASIASAT 4               
1 27718U 03014A   13022.71527286 -.00000360  00000-0  10000-3 0  2312
2 27718   0.0116  92.8809 0000397  59.1519 349.7572  1.00269182 35879
HELLAS-SAT 2            
1 27811U 03020A   13022.81867054  .00000152  00000-0  10000-3 0  5405
2 27811   0.0267 274.7304 0003797  23.3695 157.8978  1.00271231 35423
BEIDOU 1C               
1 27813U 03021A   13022.12203145  .00000088  00000-0  10000-3 0  8138
2 27813   2.0282  76.3250 0000751 285.3499 190.9303  0.99775614 35431
AMC-9 (GE-12)           
1 27820U 03024A   13022.54885297 -.00000216  00000-0  00000+0 0  6901
2 27820   0.0365 267.3999 0002983  22.2027 307.0075  1.00271280 35299
THURAYA-2               
1 27825U 03026A   13022.05225791  .00000132  00000-0  10000-3 0  3820
2 27825   3.4040  17.2329 0004851 274.1482 253.0093  1.00274031 35285
BSAT-2C                 
1 27830U 03028A   13022.85052897 -.00000350  00000-0  10000-3 0  6838
2 27830   0.0876 246.3870 0003870  19.1012 272.8909  1.00271492 35264
OPTUS C1                
1 27831U 03028B   13022.53937361 -.00000147  00000-0  10000-3 0  7613
2 27831   0.0490 220.9023 0002992  54.8903 196.4104  1.00271975 35257
ECHOSTAR 12 (RAINBOW 1) 
1 27852U 03033A   13021.24282676 -.00000283  00000-0  10000-3 0  6981
2 27852   0.0221 303.9103 0001796  50.0502 152.8622  1.00272578 34909
GALAXY 23 (G-23)        
1 27854U 03034A   13022.41526162  .00000013  00000-0  10000-3 0  6402
2 27854   0.0174  19.6839 0003085 277.4833 213.2211  1.00272728 34699
EUTELSAT 33A            
1 27948U 03043A   13022.05200634  .00000155  00000-0  10000-3 0  8015
2 27948   0.0463 329.8015 0001536 206.7864 356.7464  1.00270954 34258
INSAT-3E                
1 27951U 03043E   13022.12957308  .00000084  00000-0  10000-3 0  5933
2 27951   0.0061  31.1458 0004402 268.1381 284.0690  1.00275476 34158
GALAXY 13 (HORIZONS-1)  
1 27954U 03044A   13022.37697406  .00000048  00000-0  00000+0 0  4994
2 27954   0.0176  72.8545 0000302  51.0762   6.6315  1.00274006 34176
ZHONGXING-20            
1 28082U 03052A   13021.81062867 -.00000293  00000-0  10000-3 0  8094
2 28082   0.2332  78.1707 0005304 251.4356 181.6578  1.00271671 33704
YAMAL 202               
1 28089U 03053A   13021.17833772  .00000119  00000-0  10000-3 0  6726
2 28089   0.0380 253.4173 0003104  50.3112 290.0954  1.00271627 33613
YAMAL 201               
1 28094U 03053B   13020.92576208 -.00000229  00000-0  10000-3 0  1180
2 28094   0.0303 251.7548 0002451  39.2255 252.6658  1.00271566 35786
AMOS-2                  
1 28132U 03059A   13022.26901317 -.00000034  00000-0  10000-3 0  4458
2 28132   0.0290  62.8783 0002937 233.7153 278.0192  1.00274084 33313
EXPRESS-AM22 (SESAT 2)  
1 28134U 03060A   13022.74706424  .00000098  00000-0  10000-3 0  8045
2 28134   0.0183 155.3364 0001322 202.5733  86.2649  1.00273822 33241
AMC-10 (GE-10)          
1 28154U 04003A   13022.39525361  .00000088  00000-0  10000-3 0  6985
2 28154   0.0401 271.7966 0003088  28.7801 188.5812  1.00272495 32862
MBSAT                   
1 28184U 04007A   13021.54096398 -.00000251  00000-0  10000-3 0  5602
2 28184   0.0101 326.0618 0001910 307.3142 186.4638  1.00270730 32544
EUTELSAT 7A             
1 28187U 04008A   13022.02948226  .00000048  00000-0  10000-3 0  4934
2 28187   0.0638   0.9212 0004084 299.5046 198.7081  1.00273568 32506
DIRECTV 7S              
1 28238U 04016A   13022.18513544  .00000001  00000-0  10000-3 0  6692
2 28238   0.0195  18.9151 0002472 278.4998 131.8396  1.00273100 32018
AMC-11 (GE-11)          
1 28252U 04017A   13022.49052731  .00000069  00000-0  10000-3 0  3735
2 28252   0.0166   0.4383 0002531 285.8185 241.3091  1.00273702 31804
INTELSAT 10-02          
1 28358U 04022A   13023.01824748 -.00000011  00000-0  10000-3 0  4595
2 28358   0.0161 104.8887 0001262 160.3207 222.8969  1.00273100 31569
APSTAR 5 (TELSTAR 18)   
1 28364U 04024A   13022.70506127 -.00000294  00000-0  10000-3 0  5388
2 28364   0.0350 244.6205 0002374  44.3040 225.0796  1.00270791 31548
ANIK F2                 
1 28378U 04027A   13022.36927750 -.00000050  00000-0  10000-3 0  2283
2 28378   0.0308   9.2582 0000309 226.6072 267.8514  1.00272417 31285
AMAZONAS 1              
1 28393U 04031A   13022.24573427 -.00000283  00000-0  10000-3 0   815
2 28393   0.0246   0.8411 0004297 323.2145 185.1371  1.00270757 31059
AMC-15                  
1 28446U 04041A   13022.60181257 -.00000089  00000-0  10000-3 0  6754
2 28446   0.0295 285.4396 0002165   5.1825 303.0645  1.00271847 30323
FENGYUN 2C              
1 28451U 04042A   13022.71546708 -.00000362  00000-0  10000-3 0  5987
2 28451   4.4386  63.8885 0003121  25.0603  54.3294  1.00275907 30245
EXPRESS-AM1             
1 28463U 04043A   13021.89919498  .00000147  00000-0  10000-3 0  4663
2 28463   2.3089  71.2258 0001238 335.8503  78.0461  1.00274259 30147
AMC-16                  
1 28472U 04048A   13022.53334912 -.00000206  00000-0  10000-3 0  6548
2 28472   0.0340 287.8574 0002747   4.5541 296.6118  1.00271605 29749
NSS-10 (AMC-12)         
1 28526U 05003A   13022.32903579 -.00000250  00000-0  10000-3 0  1003
2 28526   0.0165  20.9069 0002904 282.4978 259.4501  1.00271766 29241
XTAR-EUR                
1 28542U 05005A   13022.81843845  .00000151  00000-0  00000+0 0  1358
2 28542   0.0217  48.9141 0001637 241.6693 155.3405  1.00273337 29110
HIMAWARI-6 (MTSAT-1R)   
1 28622U 05006A   13022.58036485 -.00000280  00000-0  10000-3 0  8093
2 28622   0.0174 204.2871 0001034  77.8002 188.9361  1.00271074 28941
XM-3 (RHYTHM)           
1 28626U 05008A   13022.53334912 -.00000205  00000-0  10000-3 0  3126
2 28626   0.0217 260.7517 0000231  13.6632 314.4946  1.00271722 28992
INMARSAT 4-F1           
1 28628U 05009A   13021.38043366 -.00000257  00000-0  10000-3 0  7076
2 28628   2.5705 348.4198 0002935 295.6040 117.3081  1.00270718 28602
EXPRESS-AM2             
1 28629U 05010A   13021.62666640 -.00000136  00000-0  10000-3 0  1454
2 28629   0.0483 252.6728 0001018  23.4610 150.5934  1.00271918 28637
APSTAR 6                
1 28638U 05012A   13021.93011676 -.00000318  00000-0  10000-3 0  4728
2 28638   0.0223  71.2629 0002132 232.6106 286.3984  1.00273472 53342
SPACEWAY 1              
1 28644U 05015A   13021.58737823 -.00000103  00000-0  10000-3 0  5439
2 28644   0.0355 236.9466 0000470 333.2194  19.4549  1.00271679 28433
DIRECTV 8               
1 28659U 05019A   13023.28131323 -.00000115  00000-0  10000-3 0  6165
2 28659   0.0152 348.5099 0003558 315.8194 178.8326  1.00272357 28125
GALAXY 28 (G-28)        
1 28702U 05022A   13021.51090412 -.00000186  00000-0  10000-3 0  4048
2 28702   0.0263  70.6684 0002439  96.2445  49.0002  1.00270943 27810
EXPRESS-AM3             
1 28707U 05023A   13022.57844498 -.00000281  00000-0  10000-3 0  9188
2 28707   0.0309 265.5793 0004287  71.9469 132.6790  1.00269686 27793
THAICOM 4               
1 28786U 05028A   13022.71643024 -.00000362  00000-0  10000-3 0  1292
2 28786   0.0163  49.8345 0002602 246.7372 203.0319  1.00271677 27331
GALAXY 14 (G-14)        
1 28790U 05030A   13018.58977819  .00000032  00000-0  10000-3 0  4513
2 28790   0.0199   7.5555 0002103 286.1001 271.7687  1.00272411 27193
ANIK F1R                
1 28868U 05036A   13022.34063927 -.00000074  00000-0  10000-3 0  1301
2 28868   0.0201  45.0433 0001554 236.7529 215.3457  1.00272159 27086
GALAXY 15 (G-15)        
1 28884U 05041A   13021.36610578  .00000078  00000-0  10000-3 0  4380
2 28884   0.0124 329.2357 0001228 299.5274 210.9030  1.00273031 26652
SYRACUSE 3A             
1 28885U 05041B   13022.74691177  .00000129  00000-0  00000+0 0  2546
2 28885   0.0104  69.1624 0002336 237.5169 131.4095  1.00271739 26778
INMARSAT 4-F2           
1 28899U 05044A   13022.81830464  .00000141  00000-0  10000-3 0  5481
2 28899   2.2642 345.4976 0002828 313.5103 142.9573  1.00273363 26440
TELKOM 2                
1 28902U 05046A   13022.53833689 -.00000363  00000-0  10000-3 0  2595
2 28902   0.0279 220.9833 0001372  67.1917 145.6606  1.00272395 26344
SPACEWAY 2              
1 28903U 05046B   13022.32748832 -.00000126  00000-0  10000-3 0  4069
2 28903   0.0191 209.2848 0000384  18.0908 273.2279  1.00272131 26422
INSAT-4A                
1 28911U 05049A   13022.65229513 -.00000165  00000-0  10000-3 0  5218
2 28911   0.0645  83.7289 0007188 194.1923 162.0297  1.00272086 26021
METEOSAT-9 (MSG-2)      
1 28912U 05049B   13022.26882936  .00000039  00000-0  10000-3 0  3880
2 28912   0.3769   2.2255 0002325 115.9957 102.9008  1.00411920 26033
EUTELSAT 172A (GE-23)   
1 28924U 05052A   13022.51393545 -.00000006  00000-0  10000-3 0  3210
2 28924   0.0462 269.1170 0003067  24.4705 185.4229  1.00272906 25918
ECHOSTAR 10             
1 28935U 06003A   13023.24257655 -.00000055  00000-0  10000-3 0  5576
2 28935   0.0171 326.2416 0000894 327.8247 165.7607  1.00272107 25454
MTSAT-2                 
1 28937U 06004A   13022.44275904 -.00000243  00000-0  10000-3 0  3237
2 28937   0.0384 266.1138 0003297  49.6480 110.5784  1.00270052 25421
SPAINSAT                
1 28945U 06007A   13022.16131912 -.00000216  00000-0  00000+0 0  9778
2 28945   0.0539 245.7311 0004982  22.1343 241.8675  1.00273070 25187
EUTELSAT 9A             
1 28946U 06007B   13022.12161219  .00000061  00000-0  10000-3 0   647
2 28946   0.0230  54.0625 0005197 238.2594 242.0488  1.00272148 25238
JCSAT-5A                
1 29045U 06010A   13022.68960234 -.00000328  00000-0  10000-3 0  1072
2 29045   0.0143  26.8990 0001312 221.4084 254.1445  1.00270437 24883
ASTRA 1KR               
1 29055U 06012A   13018.00000000  .00000114  00000-0  00000+0 0  5691
2 29055   0.0970 271.0970 0004581 351.4660 234.2210  1.00275407 24756
GOES 13                 
1 29155U 06018A   13021.33207272 -.00000251  00000-0  10000-3 0  3874
2 29155   0.3354  93.4893 0001147 335.7882  96.4214  1.00274254 24438
SATMEX 6                
1 29162U 06020A   13022.07208605 -.00000038  00000-0  10000-3 0   160
2 29162   0.0428 254.8093 0002005  32.2289 107.4784  1.00272365 24407
THAICOM 5               
1 29163U 06020B   13022.66315161 -.00000121  00000-0  10000-3 0  3225
2 29163   0.0407 247.9084 0004056  29.6843 161.7981  1.00273103 24472
GALAXY 16 (G-16)        
1 29236U 06023A   13022.32750358 -.00000127  00000-0  10000-3 0  3779
2 29236   0.0197  89.0692 0002976 213.4332 198.2060  1.00272080 24199
EUTELSAT HOT BIRD 13B   
1 29270U 06032A   13022.81799209  .00000087  00000-0  10000-3 0  9847
2 29270   0.0699 358.9486 0005949 309.6439 121.1922  1.00275463 23809
JCSAT-3A                
1 29272U 06033A   13022.54871920 -.00000345  00000-0  10000-3 0  1447
2 29272   0.0132  26.6211 0002082 266.1506 154.7993  1.00270662 23698
SYRACUSE 3B             
1 29273U 06033B   13022.32970843 -.00000044  00000-0  10000-3 0   713
2 29273   0.0200  76.7521 0003562 223.7227 294.8259  1.00273003 23679
KOREASAT 5 (MUGUNGWHA 5)
1 29349U 06034A   13021.51928500 -.00000358  00000-0  10000-3 0  1620
2 29349   0.0254  78.7908 0001281 234.6247 107.5108  1.00266707 23566
ZHONGXING-22A           
1 29398U 06038A   13021.86305826 -.00000316  00000-0  10000-3 0  8672
2 29398   2.7294  69.9511 0001631 260.1678 203.4301  1.00269894 23365
DIRECTV 9S              
1 29494U 06043A   13023.28131424 -.00000114  00000-0  10000-3 0  2731
2 29494   0.0049 334.3458 0002948 307.3798 201.2004  1.00271259 23048
OPTUS D1                
1 29495U 06043B   13022.60277486 -.00000110  00000-0  10000-3 0  1326
2 29495   0.0125  51.2615 0003195 259.9313 187.8863  1.00273547 23071
XM-4 (BLUES)            
1 29520U 06049A   13022.41779185 -.00000023  00000-0  10000-3 0  9852
2 29520   0.0128 281.4321 0000375 340.3597 255.2631  1.00273565 22937
BADR-4                  
1 29526U 06051A   13022.81529157  .00000144  00000-0  10000-3 0  1357
2 29526   0.0551 313.9105 0006137 342.0755 145.7943  1.00271377 22827
FENGYUN 2D              
1 29640U 06053A   13021.88968852 -.00000200  00000-0  10000-3 0  5944
2 29640   1.2891  72.7734 0002628 315.3830 140.3171  1.00263079 22486
WILDBLUE-1              
1 29643U 06054A   13023.26774639 -.00000049  00000-0  10000-3 0  8685
2 29643   0.0229 248.3943 0001616  35.6850 183.8844  1.00272243 22486
AMC-18                  
1 29644U 06054B   13022.60181257 -.00000089  00000-0  10000-3 0  2599
2 29644   0.0287 264.6547 0002936  18.2306 310.8827  1.00271232 22481
MEASAT-3                
1 29648U 06056A   13022.65380065 -.00000242  00000-0  10000-3 0  9439
2 29648   0.0037 352.3112 0001391 318.4899 138.2131  1.00272791 22501
KIKU-8 (ETS-VIII)       
1 29656U 06059A   13022.80508321 -.00000240  00000-0  10000-3 0   906
2 29656   2.4606  71.0834 0005661 242.2084 244.5711  1.00270325 22391
INSAT-4B                
1 30793U 07007A   13022.67847376 -.00000258  00000-0  10000-3 0  2085
2 30793   0.0700  73.1105 0001090 299.8001  86.9904  1.00272045 21513
SKYNET 5A               
1 30794U 07007B   13021.83164093  .00000040  00000-0  10000-3 0  9761
2 30794   0.0679 350.4070 0003217 297.5410 138.7159  1.00273159 21664
ANIK F3                 
1 31102U 07009A   13022.37273873 -.00000001  00000-0  10000-3 0  1090
2 31102   0.0107  55.5488 0002023 251.1414 190.6512  1.00273186 21260
ASTRA 1L                
1 31306U 07016A   13018.00000000  .00000114  00000-0  00000+0 0  5171
2 31306   0.1070 288.7940 0005039   2.6710 205.3160  1.00274445 20965
GALAXY 17 (G-17)        
1 31307U 07016B   13022.53073539 -.00000174  00000-0  00000+0 0   747
2 31307   0.0129  65.9212 0002972 225.1583 290.9698  1.00270516 21007
EUTELSAT 3A             
1 31577U 07021A   13021.12493905  .00000019  00000-0  10000-3 0  5960
2 31577   0.0830  91.6862 0001383 159.5075 277.6063  1.00266545 20692
ZHONGXING-6B            
1 31800U 07031A   13022.71869036 -.00000361  00000-0  10000-3 0  5914
2 31800   0.0114  70.6399 0002865 232.4788 193.3522  1.00270424 20400
DIRECTV 10              
1 31862U 07032A   13022.17860019 -.00000103  00000-0  10000-3 0   712
2 31862   0.0378 236.3225 0000673  14.3871 192.4517  1.00272098 20339
SPACEWAY 3              
1 32018U 07036A   13022.53245111 -.00000152  00000-0  10000-3 0  9836
2 32018   0.0161 229.9678 0000138  63.4236 285.3715  1.00272677 20053
BSAT-3A                 
1 32019U 07036B   13022.84925483 -.00000350  00000-0  00000+0 0  8786
2 32019   0.0578 222.1051 0000327 319.8805 355.9359  1.00273942 19991
INSAT-4CR               
1 32050U 07037A   13022.74762833 -.00000076  00000-0  10000-3 0  1906
2 32050   0.0035 296.6824 0004089 348.7172 179.9285  1.00271660 19789
OPTUS D2                
1 32252U 07044A   13022.80543032 -.00000183  00000-0  10000-3 0   967
2 32252   0.0445 246.7839 0002958  50.2903 267.1756  1.00272711 19466
INTELSAT 11 (IS-11)     
1 32253U 07044B   13023.03500870 -.00000268  00000-0  10000-3 0  7968
2 32253   0.0464 241.3232 0003171  68.1233 142.6682  1.00272571 19467
STAR ONE C1             
1 32293U 07056A   13022.29594329 -.00000277  00000-0  10000-3 0  8886
2 32293   0.0468 238.1663 0002281  62.7075 222.4516  1.00272627 19085
SKYNET 5B               
1 32294U 07056B   13021.82189532  .00000099  00000-0  00000+0 0  9990
2 32294   0.0711 359.0635 0003525 289.0819 181.7959  1.00274540 19164
ASTRA 4A (SIRIUS 4)     
1 32299U 07057A   13022.02948226  .00000032  00000-0  10000-3 0  8702
2 32299   0.0115 307.5900 0002454 345.7127 203.6411  1.00273449 19010
RADUGA-1M 1             
1 32373U 07058A   13021.88067115 -.00000039  00000-0  00000+0 0  4673
2 32373   0.0260  81.5033 0001973 201.1205 225.7878  1.00272383 19655
HORIZONS-2              
1 32388U 07063B   13022.86310517 -.00000182  00000-0  10000-3 0  9232
2 32388   0.0171 349.9349 0003327 332.2518 195.7209  1.00271431 18815
THURAYA-3               
1 32404U 08001A   13022.84970398 -.00000296  00000-0  10000-3 0    36
2 32404   4.7524 340.5677 0004978 308.6585 237.6346  1.00271344 18464
EXPRESS-AM33            
1 32478U 08003A   13021.86328883 -.00000281  00000-0  10000-3 0  4012
2 32478   0.0457 236.4007 0001237 198.7602  93.4680  1.00271520 18568
THOR 5                  
1 32487U 08006A   13022.26657457 -.00000009  00000-0  10000-3 0  9284
2 32487   0.0578 235.0364 0002699  60.1199 281.8044  1.00271859 18112
KIZUNA (WINDS)          
1 32500U 08007A   13020.47592941 -.00000260  00000-0  10000-3 0  8523
2 32500   0.0859 266.6690 0002394  22.9770 144.6717  1.00270645 18031
AMC-14                  
1 32708U 08011A   13019.80788456  .00000129  00000-0  10000-3 0   559
2 32708  15.9507  90.2492 0056575 355.2798 354.7975  1.00070793 19065
DIRECTV 11              
1 32729U 08013A   13022.20899751 -.00000126  00000-0  10000-3 0   258
2 32729   0.0189 177.9509 0000397 213.4831  66.2822  1.00271587 17861
ICO G1                  
1 32763U 08016A   13022.87426928 -.00000165  00000-0  10000-3 0  9694
2 32763   4.5376 339.4490 0003636 311.7432  53.0555  1.00271810 17538
VINASAT-1               
1 32767U 08018A   13022.62741911 -.00000329  00000-0  10000-3 0  8955
2 32767   0.0313 278.0515 0001342  22.0589 179.8012  1.00270666 17541
STAR ONE C2             
1 32768U 08018B   13021.33219469 -.00000266  00000-0  10000-3 0  8681
2 32768   0.0492  77.0576 0002305 240.4220 212.9520  1.00272386 17568
TIANLIAN I (CTDRS-1)    
1 32779U 08019A   13021.88108611 -.00000107  00000-0  10000-3 0  3779
2 32779   0.0645 265.7697 0005274 301.4463 308.3570  1.00270989 17398
AMOS-3                  
1 32794U 08022A   13022.20667013 -.00000035  00000-0  10000-3 0  7227
2 32794   0.0396 252.0532 0001883  33.3572 266.6553  1.00272258 17375
GALAXY 18 (G-18)        
1 32951U 08024A   13022.40537106  .00000025  00000-0  10000-3 0  7436
2 32951   0.0303 180.7997 0002891 114.6691 209.3588  1.00273801 17147
CHINASAT 9 (ZX 9)       
1 33051U 08028A   13022.59724653 -.00000247  00000-0  10000-3 0  3519
2 33051   0.0049 353.0383 0004920 308.7535 127.4907  1.00271595 16960
SKYNET 5C               
1 33055U 08030A   13022.26138469 -.00000140  00000-0  10000-3 0  7071
2 33055   0.0675 354.8550 0003203 285.0015 278.1581  1.00271883 16958
TURKSAT 3A              
1 33056U 08030B   13021.89937554  .00000146  00000-0  10000-3 0  7730
2 33056   0.0312  84.5490 0002852 211.6985 190.9000  1.00274415 17005
COSMOS 2440             
1 33108U 08033A   13021.62364350 -.00000040  00000-0  10000-3 0   962
2 33108   1.7049  55.5015 0002150 352.8101   7.1363  1.00270315 16733
INTELSAT 25 (IS-25)     
1 33153U 08034A   13022.32918824 -.00000224  00000-0  10000-3 0  7918
2 33153   0.0222  22.8818 0002408 250.7183 295.2153  1.00272525 16673
BADR-6                  
1 33154U 08034B   13022.12200858  .00000144  00000-0  10000-3 0  8324
2 33154   0.0664  32.1773 0003678 295.0085 224.3417  1.00274737 16696
ECHOSTAR 11             
1 33207U 08035A   13022.36640434 -.00000057  00000-0  10000-3 0  9963
2 33207   0.0304 287.4048 0003174   9.9476 206.4156  1.00273303 16580
SUPERBIRD-C2            
1 33274U 08038A   13021.67455751 -.00000252  00000-0  10000-3 0  9821
2 33274   0.0081 343.6600 0001670 285.4581 238.8368  1.00270498 16308
AMC-21                  
1 33275U 08038B   13022.27685568  .00000036  00000-0  10000-3 0  9098
2 33275   0.0178 345.6337 0001648 306.6245 164.2875  1.00273246 16403
INMARSAT 4-F3           
1 33278U 08039A   13022.48286928 -.00000136  00000-0  10000-3 0   242
2 33278   3.0083 345.3805 0003034 306.4132 266.3663  1.00271998 16260
NIMIQ 4                 
1 33373U 08044A   13022.32796095 -.00000220  00000-0  10000-3 0  7047
2 33373   0.0012  68.8846 0002432 227.5989 221.3867  1.00271474 15941
GALAXY 19 (G-19)        
1 33376U 08045A   13022.52193073 -.00000139  00000-0  10000-3 0  8174
2 33376   0.0213 118.6578 0003089 182.8415 271.3319  1.00272052 15893
VENESAT-1               
1 33414U 08055A   13022.21781597 -.00000238  00000-0  10000-3 0  1856
2 33414   0.0417 241.4090 0001323  45.4315 195.2924  1.00271617 15597
ASTRA 1M                
1 33436U 08057A   13018.00000000  .00000114  00000-0  00000+0 0  1034
2 33436   0.0150  76.9930 0002818 155.5940 264.1520  1.00271963 15420
CIEL-2                  
1 33453U 08063A   13022.54592922  .00000058  00000-0  10000-3 0  7716
2 33453   0.0103   6.0943 0003378 303.3183 240.2947  1.00272990 15103
EUTELSAT HOT BIRD 13C   
1 33459U 08065A   13022.81799209  .00000087  00000-0  10000-3 0  7566
2 33459   0.0511  53.9510 0001688 259.1140 116.7247  1.00275511 15186
EUTELSAT 28B            
1 33460U 08065B   13022.81838850  .00000150  00000-0  00000+0 0  6491
2 33460   0.0973 257.2154 0005263  43.4150 144.7535  1.00272933 15042
FENGYUN 2E              
1 33463U 08066A   13021.76343888 -.00000330  00000-0  10000-3 0  1110
2 33463   1.0086  41.0713 0001222  39.4469  59.8975  1.00263969 15021
EXPRESS-AM44            
1 33595U 09007A   13022.34422576 -.00000089  00000-0  10000-3 0   816
2 33595   0.0067 207.0480 0000510 178.6466 209.0563  1.00272330 14496
EXPRESS-MD1             
1 33596U 09007B   13021.62666640 -.00000137  00000-0  10000-3 0  1274
2 33596   0.0398 243.7090 0002780  39.6281 143.4865  1.00272353 14525
NSS-9                   
1 33749U 09008A   13021.79037672  .00000071  00000-0  10000-3 0  7946
2 33749   0.0248 306.5873 0002208 346.7195 295.4856  1.00272476 14486
EUTELSAT 3C             
1 33750U 09008B   13022.12146735  .00000020  00000-0  10000-3 0  8896
2 33750   0.0666   0.3971 0003279 271.9987 256.0463  1.00274686 14524
TELSTAR 11N             
1 34111U 09009A   13022.32905103 -.00000251  00000-0  10000-3 0  7259
2 34111   0.0063  65.1767 0001964 245.7904 251.7426  1.00271544 14347
RADUGA-1 8              
1 34264U 09010A   13022.81797685  .00000082  00000-0  10000-3 0  1017
2 34264   2.4597  92.7915 0002353 196.5214 139.6231  1.00283536 14279
EUTELSAT 10A            
1 34710U 09016A   13021.82900781  .00000067  00000-0  10000-3 0  7819
2 34710   0.0641 350.6990 0004916 305.7951 133.2494  1.00271519 13994
BEIDOU G2               
1 34779U 09018A   13020.77714723  .00000150  00000-0  10000-3 0  8328
2 34779   2.2515  69.7898 0057468 169.4276 190.5363  1.00321553 14001
SICRAL 1B               
1 34810U 09020A   13022.81796161  .00000084  00000-0  10000-3 0  7202
2 34810   0.1428  84.8709 0003919 278.5074  65.2689  1.00298544 13861
SES-7 (PROTOSTAR 2)     
1 34941U 09027A   13022.70210396 -.00000345  00000-0  10000-3 0  7934
2 34941   0.0211  19.1183 0003262 267.9131 196.0576  1.00270862 13567
MEASAT-3A               
1 35362U 09032A   13022.65373804 -.00000241  00000-0  10000-3 0  4972
2 35362   0.0405 247.5483 0003436  44.4683 156.9686  1.00271418 13175
GOES 14                 
1 35491U 09033A   13022.50464571 -.00000106  00000-0  10000-3 0  8022
2 35491   0.0822 258.3102 0000877 122.6717 182.3362  1.00184180 13119
SIRIUS FM-5             
1 35493U 09034A   13022.51145002 -.00000145  00000-0  10000-3 0  5997
2 35493   0.0050 350.6525 0001665   2.7197 216.7376  1.00271460 13097
TERRESTAR-1             
1 35496U 09035A   13020.63842868 -.00000053  00000-0  10000-3 0  7862
2 35496   4.3703 325.1277 0002915 332.4226 301.4112  1.00272124 13085
ASIASAT 5               
1 35696U 09042A   13022.57713715 -.00000307  00000-0  10000-3 0  9656
2 35696   0.0370 270.2861 0001823 349.6279 170.4076  1.00271854 12647
JCSAT-RA (JCSAT-12)     
1 35755U 09044A   13021.70079271 -.00000346  00000-0  10000-3 0  6223
2 35755   0.0575  49.7126 0001555 221.6951 230.0063  1.00271729 12584
OPTUS D3                
1 35756U 09044B   13022.60002569 -.00000147  00000-0  10000-3 0  6623
2 35756   0.0406 352.6925 0004467 319.1090 182.3160  1.00273099 12571
PALAPA D                
1 35812U 09046A   13021.54200662 -.00000358  00000-0  10000-3 0  6561
2 35812   0.0264  80.7928 0002104 239.2808 109.0369  1.00271208 12604
NIMIQ 5                 
1 35873U 09050A   13022.32820488 -.00000257  00000-0  10000-3 0  6539
2 35873   0.0270 249.9958 0002852  41.6759 235.5942  1.00271456 12292
AMAZONAS 2              
1 35942U 09054A   13022.24573427 -.00000283  00000-0  10000-3 0  5997
2 35942   0.0374 202.2233 0001531  50.1664 256.8245  1.00272790 12143
COMSATBW-1              
1 35943U 09054B   13021.82217737  .00000025  00000-0  10000-3 0  6219
2 35943   0.0395 131.6917 0002228 161.9487 186.6348  1.00271178 12186
NSS-12                  
1 36032U 09058A   13022.74717095  .00000071  00000-0  10000-3 0  6027
2 36032   0.0485 249.5149 0003295  42.8345 155.8587  1.00274272 11884
THOR 6                  
1 36033U 09058B   13022.26797132 -.00000010  00000-0  10000-3 0  6726
2 36033   0.0362 219.4498 0001708  93.1432 264.7727  1.00272369 11897
INTELSAT 14 (IS-14)     
1 36097U 09064A   13022.32887571 -.00000274  00000-0  10000-3 0  4862
2 36097   0.0113  31.2177 0002353 262.8800 261.1123  1.00271257 11634
EUTELSAT 36B            
1 36101U 09065A   13022.81858669  .00000156  00000-0  10000-3 0  6757
2 36101   0.0640 355.2726 0003949 307.6285 149.9854  1.00271238 11746
INTELSAT 15 (IS-15)     
1 36106U 09067A   13022.00900236 -.00000185  00000-0  10000-3 0  6969
2 36106   0.0255 303.5460 0002306 350.6947 275.6432  1.00271761 11529
DIRECTV 12              
1 36131U 09075A   13022.54738662 -.00000103  00000-0  10000-3 0  8431
2 36131   0.0109 213.4992 0000291  59.7237 303.0984  1.00272244 11316
BEIDOU G1               
1 36287U 10001A   13022.57582116 -.00000281  00000-0  10000-3 0  8604
2 36287   1.5948 357.2643 0003358 233.3371 238.8300  1.00272923 11110
RADUGA-1M 2             
1 36358U 10002A   13022.77972263 -.00000183  00000-0  10000-3 0  8704
2 36358   0.0037 308.0231 0002028 336.2966 203.6210  1.00271512 10948
SDO                     
1 36395U 10005A   13022.22094215 -.00000040  00000-0  10000-3 0  6609
2 36395  27.8298 169.9606 0000757 252.3472  37.1812  1.00270686 10985
INTELSAT 16 (IS-16)     
1 36397U 10006A   13022.37369093 -.00000285  00000-0  10000-3 0  5933
2 36397   0.0173  38.9061 0002324 256.3086 263.0756  1.00271872 10771
GOES 15                 
1 36411U 10008A   13022.38753719  .00000086  00000-0  10000-3 0  4099
2 36411   0.1184 253.4109 0002993  43.2205 190.0158  1.00284938 10611
ECHOSTAR 14             
1 36499U 10010A   13021.41743522 -.00000001  00000-0  10000-3 0  7554
2 36499   0.0033 347.5073 0002684 305.3792 219.4130  1.00272991 10458
SES-1                   
1 36516U 10016A   13022.32745021 -.00000115  00000-0  10000-3 0  6495
2 36516   0.0195 321.0012 0002630 331.9623 205.7232  1.00272097 10061
ASTRA 3B                
1 36581U 10021A   13022.81825890  .00000137  00000-0  00000+0 0  5273
2 36581   0.0519  47.9503 0002049 278.6462 113.7391  1.00270891  9910
COMSATBW-2              
1 36582U 10021B   13022.81799972  .00000088  00000-0  10000-3 0  5949
2 36582   0.0669  85.4794 0001941 197.5010 147.0283  1.00269921  9927
BEIDOU G3               
1 36590U 10024A   13022.52368009 -.00000356  00000-0  10000-3 0  7033
2 36590   1.2969  16.9023 0004399 304.2291  99.9281  1.00277554  9715
BADR-5                  
1 36592U 10025A   13022.12200858  .00000144  00000-0  10000-3 0  4377
2 36592   0.0194 102.1599 0002575 156.8310 292.5195  1.00273748  9847
COMS 1                  
1 36744U 10032A   13022.54674314 -.00000344  00000-0  10000-3 0  5129
2 36744   0.0253  68.1061 0000857 213.1276 165.8315  1.00270753  9586
ARABSAT-5A              
1 36745U 10032B   13022.81844185  .00000153  00000-0  10000-3 0  4671
2 36745   0.0532 352.3749 0003118 299.5677 155.4566  1.00271574  9613
ECHOSTAR 15             
1 36792U 10034A   13023.12563228 -.00000282  00000-0  10000-3 0  5637
2 36792   0.0467 274.0271 0002413  38.5982 153.5718  1.00271606  9332
BEIDOU IGSO 1           
1 36828U 10036A   13022.52924735 -.00000057  00000-0  10000-3 0  6480
2 36828  54.6134 209.4762 0029490 177.7183  45.7193  1.00269191  9142
NILESAT 201             
1 36830U 10037A   13022.05102299 -.00000058  00000-0  10000-3 0  4822
2 36830   0.0547 211.1125 0003523  54.1911 227.6052  1.00271900  9211
RASCOM-QAF 1R           
1 36831U 10037B   13022.89186516  .00000018  00000-0  10000-3 0  4600
2 36831   0.0125  68.1192 0004326 232.1228 146.0782  1.00271832  9228
CHINASAT 6A (ZX 6A)     
1 37150U 10042A   13022.51950412 -.00000354  00000-0  10000-3 0  6734
2 37150   0.0526 241.3362 0002716 220.1643 332.5136  1.00270101  8863
XM-5                    
1 37185U 10053A   13022.53326726 -.00000204  00000-0  10000-3 0  5677
2 37185   0.0126  54.1041 0001837 108.4538  66.1511  1.00269711  8384
BSAT-3B                 
1 37207U 10056B   13022.70218042 -.00000315  00000-0  10000-3 0  5285
2 37207   0.6997  75.4986 0001386 288.5838 119.5420  1.00008633  8226
BEIDOU G4               
1 37210U 10057A   13022.60117780 -.00000112  00000-0  10000-3 0  5966
2 37210   0.5168 355.1373 0004005 232.0882 271.2244  1.00271944  8239
SKYTERRA 1              
1 37218U 10061A   13022.32744259 -.00000113  00000-0  10000-3 0  5865
2 37218   5.1176 321.6120 0002880 181.3086 355.4665  1.00273130  8158
ZHONGXING-20A           
1 37234U 10064A   13021.87046714 -.00000338  00000-0  10000-3 0  5900
2 37234   0.0614  94.2559 0003734 247.9198 222.5846  1.00268532  7972
HYLAS 1                 
1 37237U 10065A   13022.32914250 -.00000234  00000-0  10000-3 0  4762
2 37237   0.0496  38.9908 0000876 294.4098 233.3852  1.00269383  7934
INTELSAT 17 (IS-17)     
1 37238U 10065B   13022.74741488 -.00000002  00000-0  10000-3 0  3863
2 37238   0.0011 321.5245 0002834 332.0858 163.6787  1.00272424  7967
BEIDOU IGSO 2           
1 37256U 10068A   13021.85193777 -.00000250  00000-0  10000-3 0  5495
2 37256  54.7741 329.7672 0021787 192.9321  25.1485  1.00288232  7728
EUTELSAT KA-SAT 9A      
1 37258U 10069A   13022.12161219  .00000061  00000-0  10000-3 0  4976
2 37258   0.0592 282.0448 0000901 235.0149  17.3261  1.00273534  7748
HISPASAT 1E             
1 37264U 10070A   13022.16131912 -.00000216  00000-0  00000+0 0  4705
2 37264   0.0350 119.5798 0002470 166.3777 223.7633  1.00271795  7591
KOREASAT 6              
1 37265U 10070B   13022.53829116 -.00000362  00000-0  10000-3 0  4120
2 37265   0.0249 275.1467 0002071  33.7291 122.9425  1.00271499  7620
ELEKTRO-L 1 (GOMS 2)    
1 37344U 11001A   13021.88555133 -.00000097  00000-0  10000-3 0  5255
2 37344   0.0725 294.4524 0001672 297.2601 284.4787  1.00271655  7408
BEIDOU IGSO 3           
1 37384U 11013A   13022.66387000 -.00000187  00000-0  10000-3 0  4658
2 37384  55.9640  89.7967 0023191 188.9087 201.6721  1.00294143  6615
INTELSAT NEW DAWN       
1 37392U 11016A   13022.05199873  .00000155  00000-0  10000-3 0  3756
2 37392   0.0130  67.1424 0000885 229.9293 235.9955  1.00273894  6469
YAHSAT 1A               
1 37393U 11016B   13021.99821605  .00000101  00000-0  10000-3 0  4846
2 37393   0.0066  49.0746 0001923 255.9113 228.3546  1.00272971  6500
TELSTAR 14R             
1 37602U 11021A   13022.25436405 -.00000280  00000-0  10000-3 0  3348
2 37602   0.0264 276.8339 0002569  14.5365 218.9448  1.00271230  6813
GSAT-8                  
1 37605U 11022A   13021.88088094  .00000084  00000-0  10000-3 0  3809
2 37605   0.0572  87.5415 0007156 185.9539 220.0545  1.00273484  6177
ST-2                    
1 37606U 11022B   13021.89004885 -.00000211  00000-0  10000-3 0  3822
2 37606   0.0284  54.0194 0001897 232.5409 243.2315  1.00271048  6189
CHINASAT 10 (ZX 10)     
1 37677U 11026A   13021.92409927 -.00000352  00000-0  10000-3 0  4461
2 37677   0.0394 245.7601 0003812 302.0534  16.7922  1.00269427  5917
TIANLIAN 1-02           
1 37737U 11032A   13022.51205558  .00000032  00000-0  10000-3 0  4278
2 37737   0.0312 241.1750 0003643  75.3713 166.6390  1.00275619  5655
GSAT-12                 
1 37746U 11034A   13022.65229535 -.00000164  00000-0  10000-3 0  3463
2 37746   0.0349  90.1816 0003761 351.7424 357.9984  1.00270465  5907
SES-3                   
1 37748U 11035A   13022.54842836 -.00000101  00000-0  10000-3 0  3886
2 37748   0.0498 277.7354 0002201  14.0127 284.6013  1.00271855  5623
KAZSAT-2                
1 37749U 11035B   13019.91610083 -.00000200  00000-0  10000-3 0  3072
2 37749   0.0210 227.4084 0000444  99.8188 208.4957  1.00274243  5662
BEIDOU IGSO 4           
1 37763U 11038A   13022.59482416  .00000000  00000-0  10000-3 0  3174
2 37763  54.9322 211.5991 0020606 170.6794  49.6458  1.00267544  5571
ASTRA 1N                
1 37775U 11041A   13022.12790965  .00000149  00000-0  00000+0 0  2955
2 37775   0.0563  41.6662 0001853 319.9398 194.2334  1.00270909  5390
BSAT-3C (JCSAT-110R)    
1 37776U 11041B   13022.85076053 -.00000350  00000-0  00000+0 0  3542
2 37776   0.0552 264.6098 0000583  91.6203 182.3456  1.00271109  5483
PAKSAT-1R               
1 37779U 11042A   13022.81864005  .00000154  00000-0  10000-3 0  2695
2 37779   0.0280 140.2561 0001975 139.6088 175.1397  1.00274841  5400
CHINASAT 1A (ZX 1A)     
1 37804U 11047A   13021.87046714 -.00000338  00000-0  10000-3 0  3655
2 37804   0.0419 114.1132 0003811 284.1296 166.3452  1.00273325  5023
COSMOS 2473             
1 37806U 11048A   13022.82320010 -.00000135  00000-0  10000-3 0  3574
2 37806   0.0464 109.0768 0000918 303.6674  85.8505  1.00272224  5004
SES-2                   
1 37809U 11049A   13023.10118985 -.00000196  00000-0  10000-3 0  2549
2 37809   0.0345 287.5612 0003192  19.9316 124.5081  1.00271809  4964
ARABSAT-5C              
1 37810U 11049B   13020.87690441  .00000122  00000-0  10000-3 0  2283
2 37810   0.0653   1.7286 0002275 232.3565 221.9830  1.00275536  4975
EUTELSAT 7 WEST A       
1 37816U 11051A   13022.05101536 -.00000060  00000-0  10000-3 0  3571
2 37816   0.0567 345.4785 0005131 218.1564 288.9732  1.00272709  4896
QUETZSAT 1              
1 37826U 11054A   13022.21781674 -.00000242  00000-0  10000-3 0  3291
2 37826   0.0496 273.6511 0002647  17.7902 191.6226  1.00272113  5028
INTELSAT 18 (IS-18)     
1 37834U 11056A   13022.54005205  .00000053  00000-0  10000-3 0  2655
2 37834   0.0209 298.2840 0001726  26.2118 171.9499  1.00272043  4897
EUTELSAT 16A            
1 37836U 11057A   13023.04965987  .00000104  00000-0  10000-3 0  2675
2 37836   0.0650 355.9781 0004363 305.6818 214.7477  1.00274168  4763
VIASAT-1                
1 37843U 11059A   13022.54793255 -.00000024  00000-0  10000-3 0  2353
2 37843   0.0023  70.2724 0002555 217.1917 276.7273  1.00272971  5209
ASIASAT 7               
1 37933U 11069A   13021.76343888 -.00000335  00000-0  10000-3 0  3064
2 37933   0.0563 256.4000 0001251  25.4253 219.8660  1.00274233  4398
BEIDOU IGSO 5           
1 37948U 11073A   13022.85014517 -.00000183  00000-0  10000-3 0  2936
2 37948  54.8895 329.1648 0018505 188.8141   3.8527  1.00263005  4337
AMOS-5                  
1 37950U 11074A   13021.01225078  .00000108  00000-0  10000-3 0  1758
2 37950   0.0326 160.0103 0000521 341.0575   0.8533  1.00272554  4257
LUCH 5A                 
1 37951U 11074B   13022.74414579 -.00000042  00000-0  00000+0 0  2659
2 37951   4.0127 261.6707 0004316 357.2205 298.2812  1.00273851  4113
NIGCOMSAT 1R            
1 38014U 11077A   13021.89900666  .00000144  00000-0  10000-3 0  2078
2 38014   0.0368 233.3563 0000769 280.5303 333.6326  1.00271164  4083
FENGYUN 2F              
1 38049U 12002A   13021.93075939 -.00000355  00000-0  10000-3 0  2767
2 38049   1.5867 277.6604 0005288 241.7368  48.9456  1.00281393  3814
SES-4                   
1 38087U 12007A   13022.05064184 -.00000169  00000-0  10000-3 0  1940
2 38087   0.0293 284.5973 0002452  11.5993 181.5719  1.00272379  3490
BEIDOU G5               
1 38091U 12008A   13021.84049851  .00000059  00000-0  00000+0 0  2545
2 38091   1.3367 311.1389 0001433 308.3347 223.1487  1.00269092  3401
INTELSAT 22 (IS-22)     
1 38098U 12011A   13022.78983847 -.00000059  00000-0  10000-3 0  1626
2 38098   0.0221  41.9499 0002881 235.7797 200.9808  1.00272046  3080
COSMOS 2479             
1 38101U 12012A   13022.62302345 -.00000051  00000-0  10000-3 0  2299
2 38101   1.6704 287.9315 0002307  91.7597 133.0962  1.00278283  2993
APSTAR 7                
1 38107U 12013A   13021.88108611 -.00000102  00000-0  10000-3 0  2021
2 38107   0.0648  70.6982 0002564 222.6613 221.7121  1.00271416  3090
YAHSAT 1B               
1 38245U 12016A   13018.66670513  .00000122  00000-0  00000+0 0  1715
2 38245   0.0202  61.3800 0001609 256.0101  88.4332  1.00274246  2812
JCSAT-13                
1 38331U 12023A   13022.56040282 -.00000356  00000-0  10000-3 0  1521
2 38331   0.0128  34.3210 0001485 214.4513 198.9960  1.00271168  2574
VINASAT-2               
1 38332U 12023B   13022.69133885 -.00000329  00000-0  10000-3 0  1506
2 38332   0.0319 250.0157 0002014  52.4154 200.4605  1.00271376  2569
NIMIQ 6                 
1 38342U 12026A   13022.53073539 -.00000174  00000-0  00000+0 0  1640
2 38342   0.0239 213.6077 0005890 141.8239 226.5206  1.00271853  2521
CHINASAT 2A (ZX 2A)     
1 38352U 12028A   13022.84587813 -.00000292  00000-0  10000-3 0  1783
2 38352   0.0415 115.9735 0003037 222.1540 186.9655  1.00269919  2574
INTELSAT 19 (IS-19)     
1 38356U 12030A   13022.51509745 -.00000057  00000-0  10000-3 0  1589
2 38356   0.0187   0.9543 0002403 309.4558 163.0158  1.00272197  2473
ECHOSTAR 17             
1 38551U 12035A   13022.34063906 -.00000075  00000-0  10000-3 0  1340
2 38551   0.0142  72.2586 0001749 148.5041 276.5753  1.00271675  2056
MSG-3 (METEOSAT-10)     
1 38552U 12035B   13022.32681843  .00000025  00000-0  10000-3 0  1888
2 38552   1.4061 250.0341 0000616 162.1349 187.5133  1.00411652  2157
SES-5                   
1 38652U 12036A   13021.83346521  .00000034  00000-0  10000-3 0  1448
2 38652   0.0533 263.6102 0001387  30.9190 131.8323  1.00273668  1991
TIANLIAN 1-03           
1 38730U 12040A   13022.78955546  .00000110  00000-0  10000-3 0  1296
2 38730   1.6962 272.4582 0003502  17.5498 133.2590  1.00274032  1925
INTELSAT 20 (IS-20)     
1 38740U 12043A   13022.78983847 -.00000025  00000-0  00000+0 0  1353
2 38740   0.0244  61.8270 0001799 240.1477 173.1497  1.00272645  1762
HYLAS 2                 
1 38741U 12043B   13022.81845709  .00000154  00000-0  10000-3 0   932
2 38741   0.0307 254.5507 0001420  48.2354 145.1372  1.00271657  1784
INTELSAT 21 (IS-21)     
1 38749U 12045A   13022.37382640 -.00000285  00000-0  10000-3 0  1109
2 38749   0.0192  16.0076 0000472 254.4047 287.9137  1.00266488  1625
ASTRA 2F                
1 38778U 12051A   13023.04948851  .00000150  00000-0  00000+0 0   592
2 38778   0.0128 212.9112 0006447  66.6286 249.0109  1.00274382  1226
GSAT-10                 
1 38779U 12051B   13022.65229441 -.00000165  00000-0  10000-3 0   790
2 38779   0.0712 255.8196 0001892  16.5081 167.6265  1.00272488  1223
INTELSAT 23 (IS-23)     
1 38867U 12057A   13022.32869275 -.00000285  00000-0  10000-3 0   617
2 38867   0.0232 330.4374 0001769  55.4681 161.2342  1.00272455  1047
BEIDOU G6               
1 38953U 12059A   13021.88795854 -.00000137  00000-0  00000+0 0   617
2 38953   1.6656 276.4128 0001847 353.5943 251.3511  1.00271270   981
LUCH 5B                 
1 38977U 12061A   13022.34439377 -.00000126  00000-0  00000+0 0   688
2 38977   0.2832 132.9559 0004386 235.9458 220.9844  1.00272676  1104
YAMAL 300K              
1 38978U 12061B   13020.92576208 -.00000230  00000-0  00000+0 0   446
2 38978   0.0253 202.2721 0000086  90.8979 250.5834  1.00271092   794
STAR ONE C3             
1 38991U 12062A   13021.37856751 -.00000250  00000-0  10000-3 0   735
2 38991   0.0602  95.3685 0002650 209.1614 237.6098  1.00270596   771
EUTELSAT 21B            
1 38992U 12062B   13021.12537356  .00000129  00000-0  10000-3 0   606
2 38992   0.0330  20.3472 0002273 285.2440 241.7464  1.00272808   787
ECHOSTAR 16             
1 39008U 12065A   13022.23233968 -.00000282  00000-0  10000-3 0   592
2 39008   0.0079  53.9349 0002371 250.3032 199.6484  1.00271361   731
CHINASAT 12 (ZX 12)     
1 39017U 12067A   13021.88775593  .00000107  00000-0  00000+0 0   421
2 39017   0.0438 219.6908 0002520  69.1998 203.5340  1.00272592   637
EUTELSAT 70B            
1 39020U 12069A   13022.78983847 -.00000043  00000-0  00000+0 0   554
2 39020   0.0692 104.6437 0003380 212.2063 160.2416  1.00270984   548
YAMAL 402               
1 39022U 12070A   13021.88088094  .00000085  00000-0  10000-3 0   424
2 39022   0.0451 269.0150 0000861 106.2745 118.0939  1.00273896   525
SKYNET 5D               
1 39034U 12075A   13022.12197809  .00000140  00000-0  00000+0 0   275
2 39034   0.1741 242.3588 0003385  95.7673 211.8569  1.00276676   447
MEXSAT 3                
1 39035U 12075B   13022.54905066 -.00000026  00000-0  10000-3 0   318
2 39035   0.0330 224.7049 0002073 155.3359 184.8622  1.00272775   405
