STARLETTE               
1 07646U 75010A   13022.39072761 -.00000141  00000-0  34281-5 0  1452
2 07646  49.8251 340.1585 0205887  97.1339 265.3011 13.82282823917602
LAGEOS 1                
1 08820U 76039A   13022.75639195 -.00000015  00000-0  10000-3 0  4082
2 08820 109.8594 303.0690 0044856 270.3431  89.2017  6.38665036601056
AJISAI (EGS)            
1 16908U 86061A   13023.16558812 -.00000083  00000-0  10000-3 0   335
2 16908  50.0094  72.7533 0011121 327.2031  32.8117 12.44471793871465
LAGEOS 2                
1 22195U 92070B   13021.45460750 -.00000009  00000-0  10000-3 0  6367
2 22195  52.6479 120.2150 0137219 207.1932 152.1389  6.47294119478755
STELLA                  
1 22824U 93061B   13023.06810470  .00000363  00000-0  16608-3 0  3835
2 22824  98.6246 324.0976 0007613  56.6845 303.5068 14.27316119  6890
WESTPAC                 
1 25398U 98043E   13022.48971606 -.00000008  00000-0  14947-4 0  6096
2 25398  98.4013 355.2612 0001395  14.3243 345.7970 14.22726316755032
GRACE-1                 
1 27391U 02012A   13022.37516028  .00004706  00000-0  11055-3 0  2969
2 27391  89.0200 186.2678 0014998  26.2126 333.9932 15.41658396607251
GRACE-2                 
1 27392U 02012B   13022.43970882  .00004629  00000-0  10868-3 0  2986
2 27392  89.0173 186.2857 0015768  26.2424 333.9574 15.41658056607263
GOCE                    
1 34602U 09013A   13023.13758026 -.00003892  19142-5 -31966-5 0  3809
2 34602  96.5808  51.4637 0006514  39.0017 321.1732 16.11509781225844
LARES                   
1 38077U 12006A   13023.20656805 -.00000022  00000-0  10000-3 0  9387
2 38077  69.4909   9.9083 0009470 327.3452  32.6982 12.54929821 43278
