GOES 1 [-]              
1 08366U 75100A   13021.91106442 -.00000052  00000-0  10000-3 0  2748
2 08366  13.8272 336.1503 0001127 127.4143 232.6329  1.00230008136137
GOES 2 [-]              
1 10061U 77048A   13020.39622565 -.00000019  00000-0  10000-3 0  4774
2 10061  14.6065 344.6970 0012815 283.1783  76.6988  0.99393287 74852
GOES 3 [P]              
1 10953U 78062A   13021.93135365 -.00000092  00000-0  10000-3 0   844
2 10953  14.5394 348.2873 0004968  74.0674 286.0128  1.00277363 79851
GOES 4 [-]              
1 11964U 80074A   13021.87094223 -.00000103  00000-0  10000-3 0  6998
2 11964  15.1036 351.9477 0032755 334.9577  24.9026  0.99227898 79075
GOES 5 [-]              
1 12472U 81049A   13022.04919984  .00000070  00000-0  10000-3 0  5717
2 12472  14.6531   2.1236 0002289 113.9193 246.1305  1.00239107 73891
GOES 6 [-]              
1 14050U 83041A   13022.01692604 -.00000011  00000-0  10000-3 0  5838
2 14050  14.5761   7.0000 0004136  76.0853 283.9878  1.00226009166992
GOES 7 [-]              
1 17561U 87022A   13022.23441626 -.00000059  00000-0  10000-3 0  7891
2 17561  14.1603  23.3262 0004065 330.2391  29.7727  0.99908735 78099
GOES 8 [-]              
1 23051U 94022A   13017.82290854 -.00000178  00000-0  10000-3 0  4275
2 23051   8.7637  56.4103 0005419 203.0463 156.9472  0.98907311 75688
GOES 9 [P]              
1 23581U 95025A   13021.51781860 -.00000111  00000-0  10000-3 0  7124
2 23581   8.3074  54.8400 0005136   3.5376 356.4885  0.98799424 64419
GOES 10 [-]             
1 24786U 97019A   13021.54255677 -.00000113  00000-0  10000-3 0  6437
2 24786   6.5476  58.2432 0025346 109.9790 250.3029  0.99121621 57550
GOES 11 [+]             
1 26352U 00022A   13022.28495288  .00000069  00000-0  00000+0 0   733
2 26352   1.6234 106.4359 0002781  21.3078 338.0779  0.99040432 46540
GOES 12 [B]             
1 26871U 01031A   13022.32850980 -.00000286  00000-0  10000-3 0  9038
2 26871   2.7397  70.7498 0002837 258.1992 210.6083  1.00256882 42193
GOES 13 [+]             
1 29155U 06018A   13021.33207272 -.00000251  00000-0  10000-3 0  3874
2 29155   0.3354  93.4893 0001147 335.7882  96.4214  1.00274254 24438
GOES 14 [S]             
1 35491U 09033A   13022.50464571 -.00000106  00000-0  10000-3 0  8022
2 35491   0.0822 258.3102 0000877 122.6717 182.3362  1.00184180 13119
GOES 15 [S]             
1 36411U 10008A   13022.38753719  .00000086  00000-0  10000-3 0  4099
2 36411   0.1184 253.4109 0002993  43.2205 190.0158  1.00284938 10611
