GORIZONT 25             
1 21922U 92017A   13021.90866384 -.00000276  00000-0  10000-3 0  7242
2 21922  13.7567  28.2448 0028079 345.7043  14.2527  0.99849644 76071
GORIZONT 26             
1 22041U 92043A   13022.01782881 -.00000025  00000-0  10000-3 0  3558
2 22041  13.6812  29.6996 0030911 135.4999 224.7769  0.99240003 74923
GORIZONT 27             
1 22245U 92082A   13022.45853686 -.00000318  00000-0  10000-3 0  8591
2 22245  13.5986  30.3100 0011537 265.6892  94.2175  1.00153286 78123
GORIZONT 28             
1 22880U 93069A   13019.39918281 -.00000353  00000-0  10000-3 0  7402
2 22880  13.2423  33.5907 0034828  36.8312 323.4370  0.99655380 70343
GORIZONT 29             
1 22907U 93072A   13022.12755393  .00000072  00000-0  10000-3 0   695
2 22907  13.2102  33.4745 0009533 244.1198 115.8215  1.00123372 70195
GORIZONT 30             
1 23108U 94030A   13020.38086342 -.00000317  00000-0  10000-3 0  8760
2 23108  13.0873  34.5776 0002137  64.3912 295.6621  1.00236297 68407
GORIZONT 31             
1 23775U 96005A   13022.73315403  .00000013  00000-0  10000-3 0  3664
2 23775  12.2211  40.0086 0020472  98.6205 261.6564  0.99895893 62174
GORIZONT 32             
1 23880U 96034A   13022.23232078 -.00000294  00000-0  10000-3 0  1811
2 23880  12.0940  40.8276 0007940 252.5341 211.5052  1.00166665 61013
GORIZONT 33             
1 26372U 00029A   13020.20902956  .00000101  00000-0  10000-3 0   289
2 26372   9.5478  49.6834 0002565  11.5164 348.5148  1.00361363 46337
