INTELSAT 602 (IS-602)   
1 20315U 89087A   13020.55035707 -.00000036  00000-0  10000-3 0  6262
2 20315   9.8384  49.6791 0004139  38.8877 321.1688  0.99003836 82871
INTELSAT 603 (IS-603)   
1 20523U 90021A   13023.03148883 -.00000009  00000-0  10000-3 0  2041
2 20523   9.3089  51.4017 0000801 286.6317 160.1939  1.00125873 76664
SBS-6                   
1 20872U 90091A   13021.39515195 -.00000259  00000-0  10000-3 0  6351
2 20872   4.8767  64.5399 0007661   2.7880 357.1894  0.98995461 69793
INTELSAT 605 (IS-605)   
1 21653U 91055A   13021.19174778  .00000084  00000-0  10000-3 0  3662
2 21653   7.4580  57.2933 0000515 311.1252  48.8833  0.99323216 78350
INTELSAT 601 (IS-601)   
1 21765U 91075A   13021.80517001 -.00000094  00000-0  10000-3 0  4647
2 21765   7.4325  56.1526 0003032 257.3944 102.5905  0.99594260 77573
INTELSAT 701 (IS-701)   
1 22871U 93066A   13022.43473832 -.00000139  00000-0  10000-3 0   658
2 22871   0.9749  77.2591 0004238 219.0227 139.1340  1.00272068 70398
INTELSAT 702 (IS-702)   
1 23124U 94034A   13022.64546286  .00000154  00000-0  10000-3 0  8736
2 23124   1.3271  76.2256 0002828 230.8421  80.4088  1.00273654 82305
INTELSAT 2 (IS-2)       
1 23175U 94040A   13021.27449984  .00000042  00000-0  00000+0 0  2324
2 23175   3.6221  70.9465 0006427 295.1422  64.7050  0.99193563 67133
INTELSAT 704 (IS-704)   
1 23461U 95001A   13021.25516944  .00000055  00000-0  10000-3 0  5792
2 23461   3.2324  68.1802 0000979  18.8831 341.0347  0.99180586 65932
INTELSAT 705 (IS-705)   
1 23528U 95013A   13021.37110844 -.00000197  00000-0  00000+0 0  5378
2 23528   2.8060  69.4196 0019307 344.1459  15.6823  0.98976573 65160
INTELSAT 706 (IS-706)   
1 23571U 95023A   13022.80543032 -.00000158  00000-0  10000-3 0  6929
2 23571   1.2591  75.8715 0003713 195.5728 293.1787  1.00380810 64763
INTELSAT 3R (IS-3R)     
1 23764U 96002A   13021.73162187  .00000058  00000-0  10000-3 0  3622
2 23764   2.9875  68.4014 0011752 169.9976 189.9275  0.99085792 62302
PAKSAT 1 (ANATOLIA 1)   
1 23779U 96006A   13022.33573007  .00000028  00000-0  10000-3 0  8987
2 23779   1.0178  77.7738 0004667  41.8263 317.6943  0.99595625 62093
INTELSAT 707 (IS-707)   
1 23816U 96015A   13020.98029554  .00000026  00000-0  10000-3 0  5515
2 23816   0.2113  75.0610 0069942 243.5016  40.8833  0.98480208 61753
GALAXY 9 (G-9)          
1 23877U 96033A   13022.12271817 -.00000027  00000-0  10000-3 0  6716
2 23877   3.8903  66.3858 0009456  28.9979 331.0052  0.99536244 60985
INTELSAT 709 (IS-709)   
1 23915U 96035A   13019.92377520  .00000124  00000-0  10000-3 0  7003
2 23915   0.6568  79.0920 0003117 205.2429 215.1633  1.00273498 60821
INTELSAT 26 (IS-26)     
1 24732U 97007A   13022.74699563  .00000107  00000-0  10000-3 0  3309
2 24732   4.5727  64.1615 0003630 230.7032 146.5446  1.00273511 58268
INTELSAT 801 (IS-801)   
1 24742U 97009A   13023.22696380 -.00000218  00000-0  10000-3 0  2505
2 24742   3.8020  66.7450 0004135 250.0131 218.1391  1.00269969 58276
GALAXY 25 (G-25)        
1 24812U 97026A   13022.40893873 -.00000162  00000-0  00000+0 0  5514
2 24812   0.0050 281.3617 0003167  21.9389 232.7164  1.00271944 57398
INTELSAT 802 (IS-802)   
1 24846U 97031A   13022.16855034 -.00000005  00000-0  10000-3 0  5170
2 24846   1.8046  71.9056 0026941 180.5201 179.2564  0.98107727 56929
INTELSAT 5 (IS-5)       
1 24916U 97046A   13022.70867463 -.00000345  00000-0  10000-3 0  4595
2 24916   0.2742  79.4826 0003441 224.7741 203.6895  1.00129520 56569
INTELSAT 805 (IS-805)   
1 25371U 98037A   13023.13677429 -.00000285  00000-0  10000-3 0   523
2 25371   0.0277 250.0186 0002804  55.6255 170.6962  1.00270654 53509
INTELSAT 7 (IS-7)       
1 25473U 98052A   13022.78974042 -.00000026  00000-0  00000+0 0  5415
2 25473   0.0071 349.6848 0003385 304.7362 180.8041  1.00273061 52589
INTELSAT 8 (IS-8)       
1 25522U 98065A   13022.51451696 -.00000031  00000-0  10000-3 0  3138
2 25522   0.0290 250.8050 0002936  46.2074 179.2009  1.00272739 52154
GALAXY 26 (G-26)        
1 25626U 99005A   13021.89645053  .00000115  00000-0  10000-3 0  1196
2 25626   0.0445 263.8796 0003179  36.0037 194.2197  1.00271859 51064
INSAT-2E (APR-1)        
1 25666U 99016A   13021.67760610  .00000078  00000-0  10000-3 0  2330
2 25666   2.1624  72.1174 0005880 143.1451 216.7147  0.99650031 50651
GALAXY 27 (G-27)        
1 25922U 99052A   13021.88577280  .00000136  00000-0  10000-3 0  1689
2 25922   0.0170  35.3657 0002308 278.5339 171.4371  1.00273695 48817
GALAXY 11 (G-11)        
1 26038U 99071A   13023.13676848 -.00000285  00000-0  10000-3 0  5173
2 26038   0.0354 199.4908 0000625 125.2433 151.5339  1.00267980 48042
GALAXY 4R (G-4R)        
1 26298U 00020A   13021.08837042 -.00000118  00000-0  10000-3 0  2907
2 26298   5.7273  61.1093 0002499  69.5516 290.4684  0.99829227 46796
INTELSAT 9 (IS-9)       
1 26451U 00043A   13023.03764172 -.00000269  00000-0  10000-3 0  9558
2 26451   0.2597  80.7375 0001031 235.1913 136.9987  1.00270417 45781
INTELSAT 12 (IS-12)     
1 26590U 00068A   13021.88577280  .00000136  00000-0  10000-3 0  9598
2 26590   0.0123 342.7672 0003734 316.3779 186.1063  1.00272903 44832
INTELSAT 1R (IS-1R)     
1 26608U 00072A   13022.40014897 -.00000282  00000-0  10000-3 0  5850
2 26608   0.0338 208.8296 0000955  59.3412 307.7630  1.00271440 44683
INTELSAT 10 (IS-10)     
1 26766U 01019A   13020.73809075  .00000125  00000-0  00000+0 0  1745
2 26766   0.0284  62.4376 0001618 357.5099  13.5151  1.00274232 42840
INTELSAT 901 (IS-901)   
1 26824U 01024A   13022.26138469 -.00000141  00000-0  10000-3 0  9953
2 26824   0.0101 352.3057 0003641 305.9225 259.6134  1.00272491 42609
INTELSAT 902 (IS-902)   
1 26900U 01039A   13021.84033438  .00000032  00000-0  10000-3 0   316
2 26900   0.0177  14.3559 0003163 286.6409 184.8597  1.00273159 41778
INTELSAT 904 (IS-904)   
1 27380U 02007A   13020.73819208  .00000048  00000-0  10000-3 0   631
2 27380   0.0273  39.2080 0003189 252.6988 154.0849  1.00272791 40012
INTELSAT 903 (IS-903)   
1 27403U 02016A   13021.15745892 -.00000239  00000-0  10000-3 0  7754
2 27403   0.0064  20.7633 0003200 279.6866 202.3929  1.00271754 39677
INTELSAT 905 (IS-905)   
1 27438U 02027A   13022.09880653 -.00000185  00000-0  00000+0 0  6140
2 27438   0.0169 281.1997 0003155   0.0386 211.4198  1.00272522 39009
GALAXY 3C (G-3C)        
1 27445U 02030A   13022.53254917 -.00000151  00000-0  10000-3 0  7227
2 27445   0.0092 146.5090 0000043 287.9643 144.1936  1.00272974 38883
INTELSAT 906 (IS-906)   
1 27513U 02041A   13022.74736153  .00000015  00000-0  10000-3 0  8055
2 27513   0.0282  35.8895 0002853 267.1421 152.3756  1.00272400 38063
INTELSAT 907 (IS-907)   
1 27683U 03007A   13022.10543123 -.00000203  00000-0  10000-3 0  3751
2 27683   0.0173 339.0668 0003619 314.9255 198.0637  1.00272513 36411
GALAXY 12 (G-12)        
1 27715U 03013B   13022.66937421  .00000059  00000-0  10000-3 0  6495
2 27715   0.0083  91.6682 0002380 209.5418 292.9000  1.00272985 35935
GALAXY 23 (G-23)        
1 27854U 03034A   13022.41526162  .00000013  00000-0  10000-3 0  6402
2 27854   0.0174  19.6839 0003085 277.4833 213.2211  1.00272728 34699
GALAXY 13 (HORIZONS-1)  
1 27954U 03044A   13022.37697406  .00000048  00000-0  00000+0 0  4994
2 27954   0.0176  72.8545 0000302  51.0762   6.6315  1.00274006 34176
INTELSAT 10-02          
1 28358U 04022A   13023.01824748 -.00000011  00000-0  10000-3 0  4595
2 28358   0.0161 104.8887 0001262 160.3207 222.8969  1.00273100 31569
GALAXY 28 (G-28)        
1 28702U 05022A   13021.51090412 -.00000186  00000-0  10000-3 0  4048
2 28702   0.0263  70.6684 0002439  96.2445  49.0002  1.00270943 27810
GALAXY 14 (G-14)        
1 28790U 05030A   13018.58977819  .00000032  00000-0  10000-3 0  4513
2 28790   0.0199   7.5555 0002103 286.1001 271.7687  1.00272411 27193
GALAXY 15 (G-15)        
1 28884U 05041A   13021.36610578  .00000078  00000-0  10000-3 0  4380
2 28884   0.0124 329.2357 0001228 299.5274 210.9030  1.00273031 26652
GALAXY 16 (G-16)        
1 29236U 06023A   13022.32750358 -.00000127  00000-0  10000-3 0  3779
2 29236   0.0197  89.0692 0002976 213.4332 198.2060  1.00272080 24199
GALAXY 17 (G-17)        
1 31307U 07016B   13022.53073539 -.00000174  00000-0  00000+0 0   747
2 31307   0.0129  65.9212 0002972 225.1583 290.9698  1.00270516 21007
INTELSAT 11 (IS-11)     
1 32253U 07044B   13023.03500870 -.00000268  00000-0  10000-3 0  7968
2 32253   0.0464 241.3232 0003171  68.1233 142.6682  1.00272571 19467
HORIZONS-2              
1 32388U 07063B   13022.86310517 -.00000182  00000-0  10000-3 0  9232
2 32388   0.0171 349.9349 0003327 332.2518 195.7209  1.00271431 18815
GALAXY 18 (G-18)        
1 32951U 08024A   13022.40537106  .00000025  00000-0  10000-3 0  7436
2 32951   0.0303 180.7997 0002891 114.6691 209.3588  1.00273801 17147
INTELSAT 25 (IS-25)     
1 33153U 08034A   13022.32918824 -.00000224  00000-0  10000-3 0  7918
2 33153   0.0222  22.8818 0002408 250.7183 295.2153  1.00272525 16673
INTELSAT 14 (IS-14)     
1 36097U 09064A   13022.32887571 -.00000274  00000-0  10000-3 0  4862
2 36097   0.0113  31.2177 0002353 262.8800 261.1123  1.00271257 11634
INTELSAT 15 (IS-15)     
1 36106U 09067A   13022.00900236 -.00000185  00000-0  10000-3 0  6969
2 36106   0.0255 303.5460 0002306 350.6947 275.6432  1.00271761 11529
INTELSAT 16 (IS-16)     
1 36397U 10006A   13022.37369093 -.00000285  00000-0  10000-3 0  5933
2 36397   0.0173  38.9061 0002324 256.3086 263.0756  1.00271872 10771
INTELSAT 17 (IS-17)     
1 37238U 10065B   13022.74741488 -.00000002  00000-0  10000-3 0  3863
2 37238   0.0011 321.5245 0002834 332.0858 163.6787  1.00272424  7967
INTELSAT NEW DAWN       
1 37392U 11016A   13022.05199873  .00000155  00000-0  10000-3 0  3756
2 37392   0.0130  67.1424 0000885 229.9293 235.9955  1.00273894  6469
INTELSAT 18 (IS-18)     
1 37834U 11056A   13022.54005205  .00000053  00000-0  10000-3 0  2655
2 37834   0.0209 298.2840 0001726  26.2118 171.9499  1.00272043  4897
INTELSAT 22 (IS-22)     
1 38098U 12011A   13022.78983847 -.00000059  00000-0  10000-3 0  1626
2 38098   0.0221  41.9499 0002881 235.7797 200.9808  1.00272046  3080
INTELSAT 19 (IS-19)     
1 38356U 12030A   13022.51509745 -.00000057  00000-0  10000-3 0  1589
2 38356   0.0187   0.9543 0002403 309.4558 163.0158  1.00272197  2473
INTELSAT 20 (IS-20)     
1 38740U 12043A   13022.78983847 -.00000025  00000-0  00000+0 0  1353
2 38740   0.0244  61.8270 0001799 240.1477 173.1497  1.00272645  1762
INTELSAT 21 (IS-21)     
1 38749U 12045A   13022.37382640 -.00000285  00000-0  10000-3 0  1109
2 38749   0.0192  16.0076 0000472 254.4047 287.9137  1.00266488  1625
INTELSAT 23 (IS-23)     
1 38867U 12057A   13022.32869275 -.00000285  00000-0  10000-3 0   617
2 38867   0.0232 330.4374 0001769  55.4681 161.2342  1.00272455  1047
