RADCAL                  
1 22698U 93041A   13022.97290636  .00000254  00000-0  10307-3 0  4310
2 22698  89.5417 318.7107 0088802 342.5249  17.2959 14.23008735 16378
STRV 1A                 
1 23125U 94034B   13021.36349981  .00003417  00000-0  86489-3 0  1134
2 23125   7.2466  75.4818 6761547 291.7900  11.8970  2.95352359177562
REX 2                   
1 23814U 96014A   13022.80323531  .00000100  00000-0  38671-4 0  7685
2 23814  90.1463 295.1598 0020709 333.1973  59.2132 14.24084741876760
COSMOS 2346             
1 24953U 97052A   13022.22484376  .00000054  00000-0  36856-4 0  6549
2 24953  82.9199  51.4059 0040382  38.9348  30.7380 13.79489234771926
ARGOS                   
1 25634U 99008A   13022.84376781  .00000027  00000-0  34271-4 0  7895
2 25634  98.8272  89.2881 0011083 144.1384 347.7892 14.19055188720621
HELIOS 1B               
1 25977U 99064A   13023.20731881  .00000568  00000-0  84391-4 0  8501
2 25977  98.2262  85.7346 0002583  89.6920 303.2460 14.78965355706336
MTI                     
1 26102U 00014A   13023.19314200  .00004963  00000-0  24408-3 0  6670
2 26102  97.3826 154.3885 0016002 222.1539 187.1293 15.18361555708483
STRV 1C                 
1 26610U 00072C   13019.40955317 -.00000405  00000-0  10000-3 0  4531
2 26610   6.1600 207.0642 7338692 206.3656  80.6452  2.03468882 90541
MIDSTAR-1               
1 30773U 07006B   13022.84913084  .00003214  00000-0  12199-3 0  6811
2 30773  46.0738 171.0161 0007070 119.4680 240.6923 15.29299411327641
CFESAT                  
1 30777U 07006F   13023.21827785  .00003267  00000-0  20579-3 0  5491
2 30777  35.4312  21.3945 0002899 120.4539 307.9048 15.08859863323383
NFIRE                   
1 31140U 07014A   13022.20262946  .00015907  00000-0  22227-3 0   137
2 31140  48.2211  41.6237 0004598 118.8936 286.8129 15.56896011326362
SPIRALE A               
1 33751U 09008C   13022.93672231  .00174436  54177-6  20758-2 0  1077
2 33751   2.1218 304.6235 6060814 157.0343 249.2339  4.05185298 38056
SPIRALE B               
1 33752U 09008D   13022.17468770  .00008475  00000-0  18452-2 0  9744
2 33752   2.0304  54.9470 7165673 283.5812  11.3748  2.43247284 33336
