COSMOS 2361             
1 25590U 98076A   13022.51196769  .00000047  00000-0  34421-4 0  1859
2 25590  82.9313 223.2797 0031937  31.8274  27.5100 13.72797016705481
COSMOS 2378             
1 26818U 01023A   13023.10168548  .00000043  00000-0  29989-4 0  2679
2 26818  82.9249 247.2449 0033171 351.7022   8.3579 13.73803651583003
COSMOS 2389             
1 27436U 02026A   13022.88160179  .00000006  00000-0 -91524-5 0  9229
2 27436  82.9505 189.4843 0045821 230.5201 279.1700 13.74800819534743
COSMOS 2398             
1 27818U 03023A   13022.85117753  .00000074  00000-0  64591-4 0  8370
2 27818  82.9487 140.0155 0030258 220.3921 139.4987 13.72027981482655
COSMOS 2407             
1 28380U 04028A   13022.47635051  .00000058  00000-0  44721-4 0  6806
2 28380  82.9602  97.5430 0037649 254.5058 105.1938 13.75918704427056
COSMOS 2414             
1 28521U 05002A   13022.84306641  .00000083  00000-0  56747-4 0  6907
2 28521  82.9498 142.9534 0038850 235.9826 123.7646 13.87437899405521
COSMOS 2429             
1 32052U 07038A   13022.81445719  .00000112  00000-0  10166-3 0  5321
2 32052  82.9774 211.0289 0037541 214.8570 145.0127 13.74765920269327
COSMOS 2454             
1 35635U 09039A   13023.21606509  .00000082  00000-0  53846-4 0  3085
2 35635  82.9567 135.4211 0018188 211.3341 148.6744 13.89466509178022
COSMOS 2463             
1 36519U 10017A   13023.14612047  .00000045  00000-0  33353-4 0  4060
2 36519  82.9576 243.5616 0036989  25.5784 334.7186 13.71304628137341
