TRANSIT 16              
1 02807U 67048A   13023.18502516  .00000060  00000-0  78707-4 0  8795
2 02807  89.6800 160.7358 0020698  42.7095  58.1427 13.49883815248148
TRANSIT 17              
1 02965U 67092A   13023.22280701  .00000074  00000-0  93849-4 0  1009
2 02965  89.2471  22.0917 0047200 211.4943 205.2006 13.52601862235002
TRANSIT 18              
1 03133U 68012A   13022.77107245  .00000134  00000-0  18909-3 0  3495
2 03133  89.9607 282.3065 0076620 117.9933 275.3416 13.50703325210135
NNSS 19                 
1 04507U 70067A   13022.82503336  .00000085  00000-0  10875-3 0   419
2 04507  89.8318 291.0839 0171255 238.6260 151.0262 13.50336668 87211
NNSS O-20               
1 06909U 73081A   13022.90162378  .00000107  00000-0  98781-4 0  5156
2 06909  89.8603 338.9726 0159878 132.5368 262.6279 13.70014568159187
TRANSAT                 
1 10457U 77106A   13022.55557203  .00000048  00000-0  60520-4 0  4936
2 10457  89.7363 210.3956 0027445  82.7320 310.6107 13.48380067733219
NOVA I                  
1 12458U 81044A   13021.84935447  .00000030  00000-0  49660-4 0  8056
2 12458  90.0266 123.1374 0016271 122.1649  26.3184 13.22804470529638
NOVA 3                  
1 15362U 84110A   13020.60586819  .00000078  00000-0  16507-3 0  5511
2 15362  90.0093  50.4216 0031047 349.1582 157.3555 13.22576029364703
OSCAR 30                
1 15935U 85066A   13021.91180856  .00000089  00000-0  14394-3 0  1244
2 15935  90.0903  32.3955 0170160  40.7486  21.9165 13.35398243336150
OSCAR 24                
1 15936U 85066B   13022.58533334  .00000053  00000-0  79058-4 0  7710
2 15936  90.0792  28.0797 0170851  42.4194 104.3934 13.35287357338352
POLAR BEAR              
1 17070U 86088A   13022.60240247  .00000077  00000-0  69803-4 0  9262
2 17070  89.5272  44.5138 0036895 266.6571 240.9212 13.74490053313316
OSCAR 27                
1 18361U 87080A   13022.22266934  .00000103  00000-0  15827-3 0   962
2 18361  90.3641 279.6778 0105876  19.7213 154.2726 13.44211806243275
OSCAR 29                
1 18362U 87080B   13022.76219632  .00000094  00000-0  14265-3 0  3546
2 18362  90.3646 279.8765 0107789  31.4732   1.0298 13.43825230243073
OSCAR 23                
1 19070U 88033A   13022.54661185  .00000019  00000-0  26377-4 0  5673
2 19070  90.3027 220.4648 0188046 305.8447  67.6226 13.27227128198309
OSCAR 32                
1 19071U 88033B   13022.05845742  .00000083  00000-0  15625-3 0  9312
2 19071  90.3025 220.5336 0186516 297.9342 175.1250 13.27420512198425
NOVA 11                 
1 19223U 88052A   13022.72298366  .00000078  00000-0  16667-3 0  1021
2 19223  89.9871  91.3497 0030687  26.2633 120.3193 13.22505123187515
OSCAR 25                
1 19419U 88074A   13022.85820515  .00000043  00000-0  58801-4 0  3417
2 19419  89.9544  23.3399 0095890 348.2301  63.7797 13.41946809195274
OSCAR 31                
1 19420U 88074B   13022.63375632  .00000029  00000-0  35253-4 0   158
2 19420  89.9547  23.2962 0093758 343.1640 152.6007 13.41983772195345
