SIRIUS-1                
1 26390U 00035A   13022.52323069  .00000094  00000-0  00000+0 0  1259
2 26390  60.3755 244.6863 2704265 270.3368  59.2318  1.00276837 46031
SIRIUS-2                
1 26483U 00051A   13022.18923441 -.00000027  00000-0  10000-3 0  7610
2 26483  64.0211 124.5328 2681388 270.2053  58.6575  1.00270484 45369
SIRIUS-3                
1 26626U 00077A   13020.85922711 -.00000136  00000-0  10000-3 0   533
2 26626  64.3641   4.4637 2691679 269.5225  59.8872  1.00270022 44486
XM-2 (ROCK)             
1 26724U 01012A   13022.54897420 -.00000023  00000-0  10000-3 0  4212
2 26724   0.0990 275.9166 0003645  42.7348 245.7833  1.00272772 43482
XM-1 (ROLL)             
1 26761U 01018A   13022.54800900 -.00000023  00000-0  10000-3 0  2630
2 26761   0.0934 243.2612 0003701 347.9178 332.8830  1.00273809 42957
XM-3 (RHYTHM)           
1 28626U 05008A   13022.53334912 -.00000205  00000-0  10000-3 0  3126
2 28626   0.0217 260.7517 0000231  13.6632 314.4946  1.00271722 28992
XM-4 (BLUES)            
1 29520U 06049A   13022.41779185 -.00000023  00000-0  10000-3 0  9852
2 29520   0.0128 281.4321 0000375 340.3597 255.2631  1.00273565 22937
