RADUGA 32               
1 23448U 94087A   13020.57436203 -.00000064  00000-0  10000-3 0  5873
2 23448  12.7887  37.1540 0005730 126.0757 234.0081  1.00276704 83858
RADUGA-1 4              
1 25642U 99010A   13017.71286665  .00000130  00000-0  10000-3 0  6727
2 25642  11.7705  50.8546 0001080 106.9153 253.1213  1.00296963 50866
RADUGA-1 5              
1 26477U 00049A   13020.59546459 -.00000100  00000-0  10000-3 0  5411
2 26477   9.3929  50.9923 0002692 353.8097   6.2112  1.00203860 45407
RADUGA-1 7              
1 28194U 04010A   13021.69795475  .00000083  00000-0  10000-3 0  6664
2 28194   6.8822  64.2022 0001540  27.0821 332.9228  1.00366961 32329
RADUGA-1M 1             
1 32373U 07058A   13021.88067115 -.00000039  00000-0  00000+0 0  4673
2 32373   0.0260  81.5033 0001973 201.1205 225.7878  1.00272383 19655
