LANDSAT 5               
1 14780U 84021A   13023.07869689  .00000137  00000-0  37528-4 0  6882
2 14780  98.1173  89.4211 0013429 163.4548 196.7095 14.60850260537011
SPOT 2                  
1 20436U 90005A   13023.20011395  .00000754  00000-0  13385-3 0  1664
2 20436  98.7074 174.8637 0152153 194.5193 165.1612 14.63364300197882
SCD 1                   
1 22490U 93009B   13022.56855241  .00000408  00000-0  64325-4 0   494
2 22490  24.9682 113.5230 0043392 301.6161  58.0131 14.43816684 53106
ERS-2                   
1 23560U 95021A   13022.42055831  .00002709  00000-0  19558-3 0  5578
2 23560  98.5281 160.7450 0003536 310.3148  82.4627 15.05100748932320
RADARSAT-1              
1 23710U 95059A   13023.16912736  .00000168  00000-0  81904-4 0  3035
2 23710  98.5819  32.4895 0001060  93.5821 354.9817 14.29976521898885
TOMS EP                 
1 23940U 96037A   13023.10428781  .00000428  00000-0  11319-3 0  1582
2 23940  97.9143 208.6719 0028287 234.0989 125.7590 14.53094974880458
MIDORI (ADEOS)          
1 24277U 96046A   13022.50935473  .00000043  00000-0  34177-4 0  1345
2 24277  98.5404 327.8946 0001489  51.1679  80.4789 14.28851195856733
ORBVIEW 2 (SEASTAR)     
1 24883U 97037A   13022.40366041  .00000182  00000-0  82737-4 0  9412
2 24883  98.4367 140.9175 0002387 163.9315 196.1945 14.32577212821784
IRS-1D                  
1 24971U 97057A   13023.19729142  .00000174  00000-0  76841-4 0  3698
2 24971  98.2165  11.1277 0053288 326.3805  33.4003 14.33271136801315
TRMM                    
1 25063U 97074A   13023.09888789  .00015212  00000-0  21252-3 0  2246
2 25063  34.9607 274.4556 0001135 255.4518 104.5904 15.55926491865199
SPOT 4                  
1 25260U 98017A   13023.16181958  .00000002  00000-0  20674-4 0  1939
2 25260  98.5342  83.3330 0001440  71.7690 288.3653 14.20108962769108
FASAT B                 
1 25395U 98043B   13023.12915916  .00000052  00000-0  39967-4 0  5341
2 25395  98.3486   5.2012 0001751 324.1122  96.7098 14.24618257755784
TECHSAT 1B (GO-32)      
1 25397U 98043D   13022.87258165  .00000139  00000-0  79370-4 0  9803
2 25397  98.3930 357.1033 0001581  39.4404 320.6885 14.23319361755272
SCD 2                   
1 25504U 98060A   13022.85488877  .00000213  00000-0  94248-5 0  3602
2 25504  24.9964 305.3686 0016617   1.4170 358.6391 14.43430229752558
LANDSAT 7               
1 25682U 99020A   13023.21577664  .00000115  00000-0  35513-4 0  8289
2 25682  98.2104  94.8349 0000894 112.0909 248.0396 14.57106813732728
KITSAT 3                
1 25756U 99029A   13022.22765152  .00000088  00000-0  32704-4 0   269
2 25756  98.5155 268.9372 0015149 124.1695  22.0819 14.52913955724071
DLR-TUBSAT              
1 25757U 99029B   13023.15586002  .00000074  00000-0  30529-4 0  7612
2 25757  98.5592 262.7627 0014471 161.7597 198.4118 14.51018487723532
IRS-P4 (OCEANSAT 1)     
1 25758U 99029C   13022.82057035  .00000198  00000-0  60732-4 0  2605
2 25758  98.2494 116.0219 0002351 146.0926 214.0418 14.51294522723641
QUIKSCAT                
1 25789U 99034A   13023.11949336  .00000045  00000-0  36374-4 0  5106
2 25789  98.6177 215.0720 0001435  54.4357 305.6962 14.26979729708113
IKONOS 2                
1 25919U 99051A   13023.16378433  .00000223  00000-0  51056-4 0  6001
2 25919  98.1044 100.3603 0000883  93.5638 266.5683 14.64461280712664
CBERS 1 (ZY 1A)         
1 25940U 99057A   13022.93950047  .00000026  00000-0  23969-4 0  3844
2 25940  98.2984 344.7431 0006429 106.8131 285.5591 14.34755016695459
TERRA                   
1 25994U 99068A   13023.16190499  .00000207  00000-0  55935-4 0  7784
2 25994  98.2101 100.1416 0001062  91.6672 268.4678 14.57115672696792
ARIRANG 1 (KOMPSAT-1)   
1 26032U 99070A   13023.13241508  .00000420  00000-0  83609-4 0  6983
2 26032  97.7597 224.5649 0005393  26.3832 333.7626 14.66630175700281
EO-1                    
1 26619U 00075A   13023.12540930  .00001011  00000-0  20689-3 0  1284
2 26619  98.0513  89.0929 0011009 136.2031 224.0101 14.62849080648589
SAC-C                   
1 26620U 00075B   13022.38649330  .00000296  00000-0  75051-4 0  8147
2 26620  97.9139   5.8985 0001100 101.6697 258.4640 14.57095154647145
EROS A1                 
1 26631U 00079A   13023.12167894  .00005621  00000-0  35093-3 0  9347
2 26631  97.6297  97.9421 0012412 175.7387 271.5739 15.09833432673581
QUICKBIRD 2             
1 26953U 01047A   13023.17043777  .00008843  00000-0  22411-3 0  2711
2 26953  97.1930  89.6272 0001607 102.7260 291.1481 15.39940002632732
TES                     
1 26957U 01049A   13023.15440254 -.00021161  00000-0 -16080-2 0  2271
2 26957  97.7506 103.9377 0052646  78.2355 282.3592 15.01041480616602
JASON 1                 
1 26997U 01055A   13021.54900142 -.00000050  00000-0  49121-4 0  6080
2 26997  66.0374 217.5179 0006655 283.7831 106.2185 12.83924075520468
METEOR-3M               
1 27001U 01056A   13022.75860209 -.00000048  00000-0 -74637-5 0  2503
2 27001  99.2017 199.9173 0013532 208.0645 226.7991 13.68744713555485
BADR-B                  
1 27003U 01056C   13022.58512884 -.00000031  00000-0  12378-4 0  2749
2 27003  99.1554 205.4709 0020140 201.5405 200.2354 13.70146517556083
MAROC-TUBSAT            
1 27004U 01056D   13021.46109458  .00000024  00000-0  74373-4 0   387
2 27004  99.1589 203.5112 0018965 207.6796 152.3342 13.70062827555894
SPOT 5                  
1 27421U 02021A   13023.16639917  .00000218  00000-0  12246-3 0  1117
2 27421  98.6295  95.6182 0001052 109.7965 334.5235 14.20077076555939
AQUA                    
1 27424U 02022A   13022.97542469  .00000592  00000-0  14133-3 0  5626
2 27424  98.2204 326.3333 0001509  80.8067 279.3350 14.57134548570376
HAIYANG-1A              
1 27430U 02024A   13022.65713591  .00000105  00000-0  56503-4 0  1349
2 27430  98.2988  62.2313 0009827 147.8790   4.5094 14.30129190558056
ALSAT 1                 
1 27559U 02054A   13022.56543134  .00000277  00000-0  53519-4 0  7023
2 27559  97.7744 228.3249 0024574 112.5588 281.5679 14.70175729542912
MIDORI II (ADEOS-II)    
1 27597U 02056A   13022.58855297  .00000114  00000-0  64066-4 0  9262
2 27597  98.3023  52.6294 0001518  72.4385  98.6584 14.26511596526293
IRS-P6 (RESOURCESAT-1)  
1 28051U 03046A   13023.17008882 -.00000002  00000-0  19448-4 0  6925
2 28051  98.7712 100.8760 0002826 299.0328  61.0543 14.21605199481094
CBERS 2 (ZY 1B)         
1 28057U 03049A   13023.18544019  .00000092  00000-0  46430-4 0  1432
2 28057  98.1586  31.3469 0001076  47.8136 312.3143 14.35036436485133
TANSUO 1 (TS 1)         
1 28220U 04012A   13022.03844549  .00000789  00000-0  83967-4 0  4127
2 28220  97.4851   6.4660 0012888 131.9015 268.5225 14.91515765476145
FORMOSAT-2 (ROCSAT 2)   
1 28254U 04018A   13022.97709491 -.00000039  00000-0  32601-5 0  7378
2 28254  98.9377  88.0907 0001226 154.1921 205.5340 14.00783821443725
AURA                    
1 28376U 04026A   13022.63760492  .00000445  00000-0  10892-3 0  7010
2 28376  98.2204 328.1865 0000977 104.9523 255.1748 14.57074440453373
PARASOL                 
1 28498U 04049G   13022.93657864  .00000357  00000-0  84260-4 0  5494
2 28498  98.4422 354.4294 0001214  75.7568 284.3774 14.60115777430910
IRS-P5 (CARTOSAT-1)     
1 28649U 05017A   13023.39907057 -.00000856  00000-0 -97923-4 0  6926
2 28649  97.8865 100.3429 0001986 134.8001 225.2888 14.83427343417910
TOPSAT                  
1 28891U 05043B   13023.01213573  .00000190  00000-0  48418-4 0   722
2 28891  97.8720 242.0299 0017108 175.4340 184.7029 14.60255705385857
SINAH 1                 
1 28893U 05043D   13022.54774823  .00000125  00000-0  34867-4 0  5907
2 28893  97.8809 244.0360 0015934 174.9023 266.4558 14.60475961385869
ALOS (DAICHI)           
1 28931U 06002A   13023.15421965  .00000499  00000-0  11275-3 0  7970
2 28931  98.0510  92.3822 0001094  42.1037 318.0268 14.60237043372870
EROS B                  
1 29079U 06014A   13023.19427178  .00008137  00000-0  39043-3 0  5881
2 29079  97.4427 143.8231 0006202  94.4260  23.8020 15.19121568374265
RSS-1 (YAOGAN 1)        
1 29092U 06015A   13023.02877528  .00000285  00000-0  43409-4 0  3175
2 29092  97.9455  16.6855 0001360 105.0267 287.2451 14.81105226364467
RESURS-DK 1             
1 29228U 06021A   13023.21694213  .00000721  00000-0  65891-4 0  4100
2 29228  69.9346 217.5450 0007357 280.0922  79.9408 14.99759849367098
ARIRANG 2 (KOMPSAT-2)   
1 29268U 06031A   13023.14007591  .00000295  00000-0  68419-4 0  2073
2 29268  98.2393 279.8922 0015619  18.0723 342.1038 14.61998093346324
LAPAN-TUBSAT            
1 29709U 07001A   13023.08261427  .00000269  00000-0  41283-4 0  7092
2 29709  97.6417  50.3118 0012367 317.0520  42.9731 14.80830084326179
CARTOSAT-2 (IRS-P7)     
1 29710U 07001B   13023.18990862  .00000228  00000-0  37943-4 0  6831
2 29710  97.8769  84.2873 0000769  75.4438 284.6895 14.78701026325864
HAIYANG-1B              
1 31113U 07010A   13023.06115423  .00000118  00000-0  62256-4 0  4347
2 31113  98.3806  81.2495 0015478 148.8323 211.3783 14.29802758301946
COSMO-SKYMED 1          
1 31598U 07023A   13023.10253094  .00000431  00000-0  60664-4 0  2594
2 31598  97.8694 210.6505 0001289  80.3368 279.7950 14.82166327304543
TERRASAR-X              
1 31698U 07026A   13023.17957271 -.00000281  00000-0 -10204-4 0  6711
2 31698  97.4437  32.7669 0000982  99.4840 330.3619 15.19148391311056
WORLDVIEW-1 (WV-1)      
1 32060U 07041A   13023.19225262  .00004009  00000-0  16538-3 0  9776
2 32060  97.3323 100.9905 0003832  74.1612   6.5489 15.24608676297589
CBERS 2B                
1 32062U 07042A   13023.16763974  .00000080  00000-0  39684-4 0  5738
2 32062  98.3563  96.3518 0032010 340.5012  19.4976 14.38923175280629
YAOGAN 3                
1 32289U 07055A   13023.07853873  .00000697  00000-0  96483-4 0  7658
2 32289  97.9000  15.7906 0001187 109.3286 250.8063 14.81087689281002
COSMO-SKYMED 2          
1 32376U 07059A   13023.06878177  .00000100  00000-0  19050-4 0  6622
2 32376  97.8695 210.6174 0001383  80.8971 279.2395 14.82156039277288
RADARSAT-2              
1 32382U 07061A   13023.20119392  .00000092  00000-0  52430-4 0  6455
2 32382  98.5780  33.0672 0001043  87.5225 338.0985 14.29981847266772
CARTOSAT-2A             
1 32783U 08021A   13023.10138439  .00000266  00000-0  43195-4 0  2546
2 32783  97.8796  84.8355 0016204 110.3234 249.9730 14.78720428255796
IMS-1                   
1 32786U 08021D   13023.08071461  .00001020  00000-0  13997-3 0  7446
2 32786  97.7751  80.1526 0014424  78.3305 281.9516 14.80417826256036
JASON 2 (OSTM)          
1 33105U 08032A   13023.06556456 -.00000050  00000-0  46041-4 0  5161
2 33105  66.0393 217.7318 0007177 270.7426  89.2767 12.80930029214886
RAPIDEYE 2              
1 33312U 08040A   13023.13049935 -.00000160  00000-0 -14323-4 0  9184
2 33312  97.9106 114.6933 0013036 158.5832 201.5950 14.79814464237831
RAPIDEYE 5              
1 33313U 08040B   13023.08888342  .00000484  00000-0  70755-4 0  9056
2 33313  97.9064 113.7173 0019542  41.1020 319.1651 14.79985506237778
RAPIDEYE 1              
1 33314U 08040C   13023.14347816 -.00039853  00000-0 -52817-2 0  9567
2 33314  97.9093 114.7212 0024693 173.4014 186.7820 14.79874731237820
RAPIDEYE 3              
1 33315U 08040D   13023.18176962  .00000482  00000-0  70468-4 0  8864
2 33315  97.9051 113.7143 0013852 108.0997 252.1717 14.79999809237799
RAPIDEYE 4              
1 33316U 08040E   13023.10063289  .00000487  00000-0  71221-4 0  8845
2 33316  97.9040 113.4335 0014148  60.4572 299.8035 14.79993072237772
HJ-1A                   
1 33320U 08041A   13023.11027854  .00000664  00000-0  10639-3 0  8459
2 33320  97.8396  90.9769 0027819 154.6212 205.6377 14.74609496235890
HJ-1B                   
1 33321U 08041B   13023.07897765  .00000777  00000-0  12277-3 0  9020
2 33321  97.8420  91.2476 0037190 171.8668 188.3145 14.74603723235872
GEOEYE 1                
1 33331U 08042A   13023.19756238  .00000169  00000-0  40864-4 0  8628
2 33331  98.1065  99.1975 0008588 256.7424 103.2831 14.64448259234085
THEOS                   
1 33396U 08049A   13023.21830895  .00000025  00000-0  32616-4 0  6592
2 33396  98.7746  92.1678 0001037 114.4032 312.9783 14.20125099223559
COSMO-SKYMED 3          
1 33412U 08054A   13023.05611871 -.00000067  00000-0 -19343-5 0  6906
2 33412  97.8698 210.6046 0001321  86.6730 273.4623 14.82161449229749
YAOGAN 4                
1 33446U 08061A   13023.20697238  .00000442  00000-0  73367-4 0  6033
2 33446  97.7609  83.7704 0018614 109.3132 251.0116 14.74594666223171
YAOGAN 5                
1 33456U 08064A   13023.22853796  .00011931  00000-0  28468-3 0  6027
2 33456  97.2322  98.0245 0008822  33.4656  51.6765 15.41653554229308
GOSAT (IBUKI)           
1 33492U 09002A   13023.20215923  .00000143  00000-0  33648-4 0  1094
2 33492  98.0794 134.9290 0001188  56.0544 304.0787 14.67543250214283
YAOGAN 6                
1 34839U 09021A   13023.36123021  .00157440  00000-0  76149-2 0  2157
2 34839  97.3329 111.0025 0000974  86.6639 337.1941 15.17873329208363
RAZAKSAT                
1 35578U 09037A   13023.03099190  .00000967  00000-0  74789-4 0  8953
2 35578   8.9857 104.5131 0017498  21.0231 339.0720 14.65566690189325
DEIMOS-1                
1 35681U 09041A   13023.19242708  .00000224  00000-0  45517-4 0  8699
2 35681  98.0173 284.5491 0001752  92.2720 267.8665 14.69880465187055
OCEANSAT 2              
1 35931U 09051A   13022.21626289  .00000286  00000-0  83725-4 0  2628
2 35931  98.2775 120.4235 0003786 108.7764 307.6422 14.50840280176454
WORLDVIEW-2             
1 35946U 09055A   13023.10597510  .00000035  00000-0  26094-4 0  6599
2 35946  98.4638 105.4528 0001364 143.1200 217.0087 14.37698054172739
SMOS                    
1 36036U 09059A   13022.14982352  .00000158  00000-0  64343-4 0  9913
2 36036  98.4424 211.7142 0001125 106.5654  30.4188 14.39753467169374
YAOGAN 7                
1 36110U 09069A   13023.06385157  .00000105  00000-0  23462-4 0  4733
2 36110  97.9908 159.0989 0024992 217.0744 142.8728 14.74623695168146
TANDEM-X                
1 36605U 10030A   13021.87119394  .00001584  00000-0  78581-4 0  2818
2 36605  97.4459  31.4785 0001407 111.0895   7.9627 15.19163237143596
CARTOSAT 2B             
1 36795U 10035A   13023.14392272  .00000491  00000-0  73728-4 0  8486
2 36795  97.8809  86.7199 0015838 180.1379 179.9840 14.78722780136843
YAOGAN 10               
1 36834U 10038A   13023.06066292  .00000497  00000-0  70760-4 0  7426
2 36834  97.8453  24.2593 0000693  91.5805 268.5483 14.81025935132755
COSMO-SKYMED 4          
1 37216U 10060A   13023.08566076  .00000494  00000-0  68551-4 0  4848
2 37216  97.8694 210.6356 0001423  83.3516 276.7859 14.82158633119830
SAC-D                   
1 37673U 11024A   13022.68312074  .00000222  00000-0  43001-4 0  5302
2 37673  98.0121  32.1959 0001489 103.3787  25.4755 14.72309479 87110
RASAT                   
1 37791U 11044D   13023.12422547  .00000281  00000-0  63372-4 0  6299
2 37791  98.2126 107.0453 0023271 125.1549 235.1839 14.63566434 76757
MEGHA-TROPIQUES         
1 37838U 11058A   13021.62374153  .00000351  00000-0  49177-4 0  3324
2 37838  19.9772 126.1049 0009985  71.4757  74.7465 14.09693815 66002
SRMSAT                  
1 37841U 11058D   13022.58281243  .00000264  00000-0  00000+0 0  3174
2 37841  19.9695 118.2349 0011702  77.3714 282.8044 14.10195937 66192
YAOGAN 13               
1 37941U 11072A   13023.22334382  .00005096  00000-0  24027-3 0  3072
2 37941  97.3653 317.1283 0001904  93.1027  40.3061 15.19916849 63893
PLEIADES 1A             
1 38012U 11076F   13023.17437064  .00000239  00000-0  61118-4 0  2369
2 38012  98.1724 100.3581 0001077  85.2952 274.8385 14.58580885 58755
ZIYUAN 1-02C (ZY 1-02C) 
1 38038U 11079A   13023.08548798  .00000169  00000-0  74182-4 0  2139
2 38038  98.5163 101.6344 0000980 123.6415 236.4866 14.35373793 57095
ZIYUAN 3 (ZY 3)         
1 38046U 12001A   13023.11604884  .00004543  00000-0  20536-3 0  1870
2 38046  97.4526 101.4873 0004687  25.7969  62.0964 15.21434902 57777
RISAT 1                 
1 38248U 12017A   13023.20075508  .00000849  00000-0  57802-4 0  8516
2 38248  97.5943  31.5137 0001830 111.4722  18.8510 15.08944234 41057
ARIRANG 3 (KOMPSAT-3)   
1 38338U 12025B   13023.18887698  .00000435  00000-0  96660-4 0  5000
2 38338  98.1525 325.2473 0010644 331.0355  29.0253 14.61688382 36599
SPOT 6                  
1 38755U 12047A   13023.19080100  .00000421  00000-0  10028-3 0  4794
2 38755  98.1848  93.0213 0001226 102.7604 257.3725 14.58576349 19831
