SARSAT 7 (NOAA 15)      
1 25338U 98030A   13022.03840765  .00000094  00000-0  58899-4 0  5848
2 25338  98.7110  13.1312 0010469 188.4565 171.6422 14.25171281764021
SARSAT 8 (NOAA 16)      
1 26536U 00055A   13022.22876645 -.00000081  00000-0 -18983-4 0   636
2 26536  99.0653  73.4056 0010452 182.9982 177.1120 14.12830957635960
GPS BIIR-07 [DASS]      
1 26690U 01004A   13022.18070120  .00000075  00000-0  10000-3 0  7269
2 26690  53.1744 224.9831 0138225 238.6585 120.0286  2.00553370 87803
GOES 12                 
1 26871U 01031A   13022.32850980 -.00000286  00000-0  10000-3 0  9038
2 26871   2.7397  70.7498 0002837 258.1992 210.6083  1.00256882 42193
SARSAT 9 (NOAA 17)      
1 27453U 02032A   13022.45459043  .00000139  00000-0  77540-4 0  9967
2 27453  98.3210  44.2161 0010970 230.3037 129.7188 14.24533753549976
MSG-1                   
1 27509U 02040B   13022.12161980  .00000059  00000-0  10000-3 0  2109
2 27509   1.8214  62.0242 0000679 155.1098 317.5396  1.00266543 38189
GPS BIIR-08 [DASS]      
1 27663U 03005A   13022.05058674 -.00000039  00000-0  10000-3 0  1578
2 27663  56.3474  47.5299 0068004 359.8422   0.2122  2.00576802 73155
INSAT 3A                
1 27714U 03013A   13022.25687083 -.00000258  00000-0  10000-3 0  4989
2 27714   0.0130  92.2577 0005970 197.0816  18.3765  1.00272306 35887
GPS BIIR-11 [DASS]      
1 28190U 04009A   13022.16661756 -.00000052  00000-0  10000-3 0  6077
2 28190  55.1078 110.0052 0087082  14.8376 345.4316  2.00565858 64826
GPS BIIR-12 [DASS]      
1 28361U 04023A   13021.95488425 -.00000046  00000-0  10000-3 0  4261
2 28361  54.8485 285.5458 0081871 194.8342 164.9803  2.00552498 62902
GPS BIIR-13 [DASS]      
1 28474U 04045A   13021.45643681  .00000024  00000-0  10000-3 0  3132
2 28474  53.7849 163.7222 0119794 206.8868 152.4573  2.00573162 60251
SARSAT 10 (NOAA 18)     
1 28654U 05018A   13022.35371895 -.00000016  00000-0  16583-4 0  4774
2 28654  99.0778 348.6260 0013589 258.4372 101.5276 14.11762224395484
GPS IIR-14M [DASS]      
1 28874U 05038A   13022.31106804 -.00000051  00000-0  10000-3 0  5724
2 28874  55.2638 106.9994 0081615 231.4438 127.8451  2.00550877 53699
MSG-2                   
1 28912U 05049B   13022.26882936  .00000039  00000-0  10000-3 0  3880
2 28912   0.3769   2.2255 0002325 115.9957 102.9008  1.00411920 26033
GOES 13                 
1 29155U 06018A   13021.33207272 -.00000251  00000-0  10000-3 0  3874
2 29155   0.3354  93.4893 0001147 335.7882  96.4214  1.00274254 24438
SARSAT 11 (METOP-A)     
1 29499U 06044A   13022.24524233 -.00000066  00000-0 -10279-4 0  9504
2 29499  98.6714  84.0550 0001838 108.3484 251.7894 14.21503277324849
GPS IIR-16M [DASS]      
1 29601U 06052A   13021.36531354 -.00000045  00000-0  10000-3 0  9947
2 29601  56.3028  46.5055 0041283   4.8441 355.2530  2.00567218 45281
GPS IIR-17M [DASS]      
1 32260U 07047A   13020.67819676 -.00000053  00000-0  00000+0 0  7016
2 32260  53.9990 283.3512 0051910   4.1325 355.9630  2.00560946 38661
GPS IIR-18M [DASS]      
1 32384U 07062A   13021.49238491 -.00000055  00000-0  10000-3 0  7399
2 32384  55.2967 107.5317 0020318 293.1641  66.6438  2.00557934 37402
SARSAT 12 (NOAA 19)     
1 33591U 09005A   13022.41096285  .00000039  00000-0  45949-4 0  6622
2 33591  98.8875 325.7356 0014725 119.9074 240.3573 14.11448070203930
GOES 14                 
1 35491U 09033A   13022.50464571 -.00000106  00000-0  10000-3 0  8022
2 35491   0.0822 258.3102 0000877 122.6717 182.3362  1.00184180 13119
GOES 15                 
1 36411U 10008A   13022.38753719  .00000086  00000-0  10000-3 0  4099
2 36411   0.1184 253.4109 0002993  43.2205 190.0158  1.00284938 10611
ELEKTRO-L 1             
1 37344U 11001A   13021.88555133 -.00000097  00000-0  10000-3 0  5255
2 37344   0.0725 294.4524 0001672 297.2601 284.4787  1.00271655  7408
GLONASS-K 1             
1 37372U 11009A   13022.46197914 -.00000036  00000-0  10000-3 0  5701
2 37372  64.8405 119.0169 0005852 229.7626  37.4697  2.13107372 14818
LUCH 5A                 
1 37951U 11074B   13022.74414579 -.00000042  00000-0  00000+0 0  2659
2 37951   4.0127 261.6707 0004316 357.2205 298.2812  1.00273851  4113
MSG-3                   
1 38552U 12035B   13022.32681843  .00000025  00000-0  10000-3 0  1888
2 38552   1.4061 250.0341 0000616 162.1349 187.5133  1.00411652  2157
SARSAT 13 (METOP-B)     
1 38771U 12049A   13022.07160914  .00000014  00000-0  26633-4 0  1180
2 38771  98.7230  84.3137 0001456 227.7985 132.3101 14.21478950 17953
GALILEO-FM3 (GSAT0103)  
1 38857U 12055A   13022.01510657  .00000062  00000-0  10000-3 0   451
2 38857  55.2899 236.7237 0000309 185.4015 174.6674  1.70473479  1735
GALILEO-FM4 (GSAT0104)  
1 38858U 12055B   13021.94997609  .00000061  00000-0  00000+0 0   408
2 38858  55.2896 236.7262 0000610  54.7677 305.3059  1.70473491  1732
