ALOUETTE 1 (S-27)       
1 00424U 62049A   13022.19227763  .00000076  00000-0  78121-4 0   892
2 00424  80.4652  55.7024 0022259 256.8195 167.8010 13.68856834511592
IUE                     
1 10637U 78012A   13022.13233608 -.00000050  00000-0  00000+0 0  8634
2 10637  43.9490 357.9393 1481218 179.1558 181.1753  1.00074100 80612
IRAS                    
1 13777U 83004A   13022.19855851  .00000207  00000-0  16965-3 0  1205
2 13777  99.0062 221.1083 0017810 183.1284 286.2549 14.00180034201611
AKEBONO (EXOS-D)        
1 19822U 89016A   13022.41649187  .00020881  41119-6  56202-3 0  4459
2 19822  75.0659 187.8537 2429521 221.2554 165.1542 10.56821141729697
INTERCOSMOS 24          
1 20261U 89080A   13022.37329661  .00000347  00000-0  10051-3 0  9647
2 20261  82.5959 329.9536 1211663 198.1234 157.2846 12.54251189 64377
COBE                    
1 20322U 89089A   13023.12531745  .00000211  00000-0  16010-3 0  9535
2 20322  99.0030  34.8680 0009227  64.7618 323.7554 14.04530293187885
HST                     
1 20580U 90037B   13022.53702513  .00001420  00000-0  90091-4 0  1596
2 20580  28.4690 147.3483 0003356 232.0440 127.9840 15.03232565 47754
CRRES                   
1 20712U 90065A   13021.62339593 -.00000017  00000-0  30265-3 0  5757
2 20712  17.8134 242.8047 7125105   4.9540 192.9867  2.43877077189047
SARA                    
1 21578U 91050E   13021.97099646  .00000304  00000-0  87144-4 0  6469
2 21578  98.4026 358.6096 0004320 104.2546 288.6019 14.51640666135060
ORBVIEW 1 (MICROLAB)    
1 23547U 95017C   13022.36792408  .00000397  00000-0  10311-3 0   809
2 23547  69.9830 341.6680 0011371 197.5429 162.5317 14.56833734944035
RXTE (XTE)              
1 23757U 95074A   13022.25002441  .00004981  00000-0  12088-3 0  8202
2 23757  22.9901 337.6932 0006020 350.0732   9.9621 15.36617587947501
POLAR                   
1 23802U 96013A   13020.83902771 -.00000086  00000-0  10000-3 0  3743
2 23802  81.3628 306.1263 6721182  29.0252 355.5101  1.29844164 81292
FAST                    
1 24285U 96049A   13022.84070643  .00006357  00000-0  54307-3 0  6731
2 24285  82.9677 113.6866 1957690 172.0546 191.7070 11.35244520667062
TRACE                   
1 25280U 98020A   13023.15258196  .00002294  00000-0  17498-3 0  3940
2 25280  97.5932 227.2839 0031836 125.3557 235.0649 15.02613637808320
SAFIR 2                 
1 25399U 98043F   13021.97850969  .00000099  00000-0  60690-4 0  4169
2 25399  98.3555   2.5599 0001035 321.9817  38.1291 14.24151477755473
SWAS                    
1 25560U 98071A   13022.20261317  .00000766  00000-0  90658-4 0  1110
2 25560  69.9030 329.6708 0005590  70.8285 289.3473 14.88895544765911
ASTRID 2                
1 25568U 98072B   13022.76821322  .00000114  00000-0  10872-3 0  2047
2 25568  82.9485  90.6465 0024439   6.3435 143.6265 13.72181936707065
ORSTED                  
1 25635U 99008B   13023.16287633  .00000313  00000-0  84922-4 0  7222
2 25635  96.4801 284.6029 0141005 325.7372  33.4801 14.46569893733920
SUNSAT (SO-35)          
1 25636U 99008C   13022.29812296  .00000135  00000-0  42628-4 0  4108
2 25636  96.4794 273.3524 0147360  18.1095  93.6228 14.43866811732839
ABRIXAS                 
1 25721U 99022A   13022.49503144  .00004070  00000-0  15708-3 0  6034
2 25721  48.4581 116.5044 0016855 104.0066 349.5181 15.28274499760906
TERRIERS                
1 25735U 99026A   13022.54718992  .00002246  00000-0  82733-4 0  7899
2 25735  97.0814 216.6892 0008155  75.9929 317.7343 15.28786677759407
FUSE 1                  
1 25791U 99035A   13022.84716870  .00000292  00000-0  33431-4 0  4388
2 25791  24.9837 180.9734 0010622  58.2786  59.6557 14.42112976716488
CXO                     
1 25867U 99040B   13022.45621139 -.00000712  00000-0  00000+0 0  8459
2 25867  74.3984 348.9073 8670906 278.0374   0.4516  0.37798049  9985
CLEMENTINE              
1 25978U 99064B   13022.98868600  .00001384  00000-0  15508-3 0  8326
2 25978  98.1381 146.0479 0010683 153.8639 340.1925 14.88511175711371
XMM-NEWTON              
1 25989U 99066A   13023.26609805 -.00000056  00000-0  00000+0 0  3375
2 25989  63.8547  72.9606 7095520  95.4398 359.9194  0.50156085 12838
TERRA                   
1 25994U 99068A   13023.16190499  .00000207  00000-0  55935-4 0  7784
2 25994  98.2101 100.1416 0001062  91.6672 268.4678 14.57115672696792
ACRIMSAT                
1 26033U 99070B   13022.08639053  .00000198  00000-0  49163-4 0  7613
2 26033  97.8132 224.0723 0028978  19.4779 340.7521 14.61035180697505
IMAGE                   
1 26113U 00017A   13021.51439826  .00000041  00000-0 -16058-1 0  3212
2 26113  93.0604 229.0340 7568988 130.6613 346.8889  1.68644720 78984
CLUSTER II-FM6 (SALSA)  
1 26410U 00041A   13022.64194762  .00000379  00000-0  00000+0 0  9195
2 26410 138.1426 301.2590 7888259 115.3389 359.4962  0.44222607 10395
CLUSTER II-FM7 (SAMBA)  
1 26411U 00041B   13022.64002802  .00000378  00000-0  00000+0 0  8939
2 26411 138.1427 301.2587 7888273 115.3384 359.1906  0.44222705 10477
CLUSTER II-FM5 (RUMBA)  
1 26463U 00045A   13022.64387427  .00000460  00000-0  00000+0 0  9088
2 26463 141.0271 298.1350 7843907 113.5822 359.4114  0.44225437 10972
CLUSTER II-FM8 (TANGO)  
1 26464U 00045B   13005.56412503  .00000853  00000-0  00000+0 0  8563
2 26464 130.2025 285.9426 7849071 105.5655 359.4067  0.42551715 10269
MEGSAT-1                
1 26546U 00057B   13022.28306567  .00001030  00000-0  13189-3 0  8088
2 26546  64.5542 311.1892 0048707 264.6783  94.8762 14.86205743667441
HETE-2                  
1 26561U 00061A   13021.06243789  .00003094  00000-0  17915-3 0  8297
2 26561   1.9459 210.5670 0021550  12.7562 347.3152 14.99335665672345
MUNIN                   
1 26621U 00075C   13022.21758510  .00000662  00000-0  62164-3 0  5707
2 26621  95.4149 130.7857 0713861 252.9239 162.1889 13.03872945579064
ODIN                    
1 26702U 01007A   13022.13673086  .00002561  00000-0  21685-3 0  8513
2 26702  97.6436  38.9277 0005294  49.8714 310.2946 14.98873764650141
TIMED                   
1 26998U 01055B   13022.76308381  .00000373  00000-0  47572-4 0  3962
2 26998  74.0728 266.5194 0001523 322.5347  37.5726 14.85325330602725
RHESSI                  
1 27370U 02004A   13023.20080434  .00004135  00000-0  26918-3 0   347
2 27370  38.0394 339.7163 0012500 132.6101 227.5713 15.08150880601945
INTEGRAL                
1 27540U 02048A   13022.16666667  .00000572  00000-0  00000+0 0  2440
2 27540  62.9879 270.8046 8778400 252.5594 357.9446  0.33409287  8691
FEDSAT                  
1 27598U 02056B   13023.07009569  .00000039  00000-0  31802-4 0  8752
2 27598  98.2546  31.0604 0008052 311.8797  80.1978 14.28211450527052
WEOS                    
1 27599U 02056C   13022.60972404  .00000071  00000-0  44497-4 0  8769
2 27599  98.2484  39.2578 0008952 323.2511 183.8657 14.28829538527185
MICRO LABSAT            
1 27600U 02056D   13022.06922280  .00000055  00000-0  37620-4 0  8413
2 27600  98.2431  37.9530 0009992 325.8103  67.3436 14.29092156527228
CORIOLIS                
1 27640U 03001A   13023.00470544  .00000151  00000-0  94133-4 0   897
2 27640  98.7567  32.8932 0013539 237.6607 122.3292 14.18567106520199
CHIPSAT                 
1 27643U 03002B   13022.23202924  .00002040  00000-0  16386-3 0  2838
2 27643  94.0225 267.0140 0013950  76.4918 283.7847 15.00270354547854
SORCE                   
1 27651U 03004A   13023.03983475  .00000754  00000-0  10354-3 0    89
2 27651  39.9952 247.7110 0024252 148.4431 211.7811 14.84225327541663
GALEX                   
1 27783U 03017A   13021.84949487  .00000547  00000-0  89235-4 0  6958
2 27783  28.9967 174.8769 0003634  52.7843 307.3063 14.60566123520088
MOST                    
1 27843U 03031D   13022.09453549  .00000002  00000-0  21336-4 0  5647
2 27843  98.7180  32.0709 0009048 329.1910  76.5149 14.20277054495817
QUAKESAT                
1 27845U 03031F   13022.51960166  .00000195  00000-0  11030-3 0  6085
2 27845  98.7124  33.6744 0008111 336.1177 177.1047 14.20909569495904
AAU CUBESAT             
1 27846U 03031G   13022.99447816  .00000184  00000-0  10445-3 0  4760
2 27846  98.6923  34.4266 0008627 289.2699  70.7550 14.21389636496230
SCISAT 1                
1 27858U 03036A   13022.37483229  .00000381  00000-0  60986-4 0  8464
2 27858  73.9343 115.4811 0009013 231.7968 128.2369 14.75573136508636
STSAT-1                 
1 27945U 03042G   13022.55551211  .00000180  00000-0  43189-4 0  7771
2 27945  97.7963 218.4095 0011584 303.7420  56.2673 14.63631274497946
GP-B                    
1 28230U 04014A   13022.86375185  .00000479  00000-0  66050-4 0  6410
2 28230  89.9089 146.3702 0003276  92.7065 267.4522 14.76825473471872
DEMETER                 
1 28368U 04025C   13023.13697725  .00000498  00000-0  87167-4 0  6583
2 28368  97.8339  73.2589 0002037  68.4756 291.6678 14.71825357459156
DOUBLESTAR TC-2         
1 28382U 04029A   13020.34347723  .00000199  00000-0  13171-2 0  1858
2 28382  88.5559 321.8131 7257377  49.1302 353.9563  2.15602943 65682
SWIFT                   
1 28485U 04047A   13022.43620235  .00002378  00000-0  17117-3 0  3551
2 28485  20.5558 150.8514 0013629 205.0823 154.9004 14.95769439446564
SUZAKU (ASTRO-EII)      
1 28773U 05025A   13022.85224667  .00001687  00000-0  11145-3 0  9398
2 28773  31.3822 198.4862 0006323 181.8594 315.4046 15.04783560414186
AKARI (ASTRO-F)         
1 28939U 06005A   13022.20261450  .00004769  00000-0  25992-3 0   953
2 28939  98.2547  67.1860 0171972 263.6237  94.5342 15.03136404369532
FORMOSAT-3 FM6          
1 29047U 06011A   13022.55845191  .00000478  00000-0  20792-3 0    90
2 29047  71.9772 223.2361 0050387  40.2348 320.2502 14.27597487355405
FORMOSAT-3 FM1          
1 29048U 06011B   13021.80007053  .00000393  00000-0  17471-3 0   888
2 29048  71.9683 138.7073 0044895 352.5361   7.5075 14.27598527357776
FORMOSAT-3 FM5          
1 29049U 06011C   13022.71722209  .00000365  00000-0  16364-3 0   280
2 29049  72.0212 293.2498 0033712  42.9833 317.3915 14.27613946353689
FORMOSAT-3 FM3          
1 29050U 06011D   13023.10693719  .00001139  00000-0  26646-3 0  3556
2 29050  72.0181 348.9390 0053854 190.7630 169.2362 14.55656532362590
FORMOSAT-3 FM4          
1 29051U 06011E   13022.96102020  .00000376  00000-0  16522-3 0   832
2 29051  72.0050 199.5398 0070435 275.3113  83.9963 14.27617119356302
FORMOSAT-3 FM2          
1 29052U 06011F   13023.12605667  .00000364  00000-0  16273-3 0  1041
2 29052  72.0354 265.4166 0040277   8.1686 352.0083 14.27669427354630
CLOUDSAT                
1 29107U 06016A   13022.97757628  .00000253  00000-0  66210-4 0  1598
2 29107  98.2203 329.0219 0001280  85.8192 274.3154 14.57113269358534
CALIPSO                 
1 29108U 06016B   13022.63296250  .00000533  00000-0  12841-3 0  1918
2 29108  98.2196 328.2227 0000996  90.1475 269.9810 14.57075922358411
HINODE (SOLAR-B)        
1 29479U 06041A   13022.36738029  .00000422  00000-0  91314-4 0  9965
2 29479  98.1108  23.9185 0016858 228.4814 131.4948 14.63101433338285
SJ-6C                   
1 29505U 06046A   13023.11167552  .00000646  00000-0  69491-4 0  9803
2 29505  97.7359  20.2962 0004241  42.3224 317.8285 14.91843747340179
SJ-6D                   
1 29506U 06046B   13023.18923136  .00000300  00000-0  35882-4 0  9544
2 29506  97.7461  19.0145 0003494  88.0960 272.0667 14.91033701340027
COROT                   
1 29678U 06063A   13023.07905817  .00000115  00000-0  73086-4 0    89
2 29678  90.0140  10.6019 0004560  13.0966  28.9642 13.98316333309974
AGILE                   
1 31135U 07013A   13023.14759558  .00004462  00000-0  18159-3 0  7628
2 31135   2.4758 249.5502 0017133  97.2795 262.9116 15.14894691318414
AIM                     
1 31304U 07015A   13022.87157916  .00004378  00000-0  38258-3 0  9391
2 31304  97.8453 137.9612 0010829 163.8055 196.3508 14.97268674313201
FGRST (GLAST)           
1 33053U 08029A   13022.49579697  .00001053  00000-0  50365-4 0  2509
2 33053  25.5832 109.8946 0013983 103.6501 328.7229 15.06761181254323
KORONAS-FOTON           
1 33504U 09003A   13023.09083642  .00002106  00000-0  13410-3 0  3678
2 33504  82.4771  20.8610 0016252 253.9977 170.6090 15.08176156218780
TATIANA 2               
1 35868U 09049D   13023.18904301  .00000100  00000-0  64185-4 0  1617
2 35868  98.6225  79.5789 0004819 113.5939 246.5753 14.22330690173904
UGATUSAT                
1 35869U 09049E   13023.18225944  .00000017  00000-0  26990-4 0  1234
2 35869  98.6190  78.9781 0004978 126.1223 234.0417 14.22110131173885
SUMBANDILA (SO-67)      
1 35870U 09049F   13023.22143566  .00004051  00000-0  16136-3 0  7249
2 35870  97.2092  57.1741 0003596 103.2633 319.3799 15.25772173186141
WISE                    
1 36119U 09071A   13022.08003523  .00002487  00000-0  13067-3 0  9009
2 36119  97.5191  30.5853 0002718 159.2643 200.8696 15.16626308171655
SDO                     
1 36395U 10005A   13022.22094215 -.00000040  00000-0  10000-3 0  6609
2 36395  27.8298 169.9606 0000757 252.3472  37.1812  1.00270686 10985
CRYOSAT 2               
1 36508U 10013A   13022.38222683  .00000003  00000-0  00000+0 0  8552
2 36508  92.0136 173.5782 0011835  56.8377 303.4030 14.52179522147993
PICARD                  
1 36598U 10028A   13023.11217278  .00000188  00000-0  60002-4 0  8550
2 36598  98.2903 210.2625 0001593 190.5496 169.5661 14.49721979137989
SPEKTR-R                
1 37755U 11037A   13016.81875000 -.00002671  00000-0  10000-3 0   429
2 37755  79.9164 293.3241 6676166 355.3774  22.7740  0.11855285   659
GCOM-W1 (SHIZUKU)       
1 38337U 12025A   13022.90359558  .00000325  00000-0  82322-4 0  3182
2 38337  98.2193 325.1888 0000575  85.8592 274.2674 14.57094598 36459
NUSTAR                  
1 38358U 12031A   13023.20234560  .00001839  00000-0  14167-3 0  1316
2 38358   6.0273  46.2123 0013880 285.0039  74.8507 14.82408970 33226
