ISS (ZARYA)             
1 25544U 98067A   13023.10342463  .00012538  00000-0  21087-3 0   757
2 25544  51.6479 109.0510 0013792 188.5239 240.0211 15.52047613812171
TIANGONG 1              
1 37820U 11053A   13023.16086806  .00035269  00000-0  25363-3 0  5144
2 37820  42.7796 159.4535 0002844 329.1424  32.7552 15.72930138 75816
RAIKO                   
1 38852U 98067CN  13023.21612585  .00036003  00000-0  44971-3 0  1188
2 38852  51.6517 105.4341 0013562 177.6780 182.4165 15.59387127 17142
FITSAT-1 (NIWAKA)       
1 38853U 98067CP  13022.45738346  .00047065  00000-0  55208-3 0  1161
2 38853  51.6523 108.6272 0009330 188.2346 171.8499 15.60966972 17080
TECHEDSAT               
1 38854U 98067CQ  13023.23137989  .00071237  00000-0  70718-3 0  1289
2 38854  51.6533 103.2841 0008000 200.9478 159.1119 15.65076725 17223
F-1                     
1 38855U 98067CR  13023.24562644  .00071045  00000-0  71833-3 0  1322
2 38855  51.6430 103.3819 0008323 205.6157 154.4011 15.64612036 17117
WE-WISH                 
1 38856U 98067CS  13022.53918849  .00184159  00000-0  12074-2 0  1519
2 38856  51.6393 103.8893 0006644 196.6752 163.4014 15.74639917 17040
