LANDSAT 4               
1 13367U 82072A   13022.57579807  .00001548  00000-0  10717-3 0  2591
2 13367  98.2726  43.2115 0015451 233.1002 273.1747 15.07299589642232
TDRS 1                  
1 13969U 83026B   13021.39694295 -.00000061  00000-0  10000-3 0  5180
2 13969  13.8859   0.3775 0020838 132.5776 227.6266  0.98742584 82039
LANDSAT 5               
1 14780U 84021A   13023.07869689  .00000137  00000-0  37528-4 0  6882
2 14780  98.1173  89.4211 0013429 163.4548 196.7095 14.60850260537011
ERBS                    
1 15354U 84108B   13022.54960332  .00001529  00000-0  79628-4 0  1398
2 15354  57.0196 109.2756 0018268 349.5442  10.5221 15.22011160551746
TDRS 3                  
1 19548U 88091B   13022.42224205 -.00000298  00000-0  10000-3 0    09
2 19548  13.9811  25.7935 0011537 330.5381 228.6330  1.00264287 76336
TDRS 4                  
1 19883U 89021B   13022.37312000 -.00000215  00000-0  00000+0 0  3524
2 19883  11.2812  32.2643 0014514 219.4234 140.5189  0.98484721259834
HST                     
1 20580U 90037B   13022.53702513  .00001420  00000-0  90091-4 0  1596
2 20580  28.4690 147.3483 0003356 232.0440 127.9840 15.03232565 47754
TDRS 5                  
1 21639U 91054B   13021.22203559  .00000091  00000-0  10000-3 0  2071
2 21639  12.5112  39.8093 0017539 341.4805  11.7707  1.00277549 78639
TOPEX/POSEIDON          
1 22076U 92052A   13021.88135659 -.00000058  00000-0  13676-4 0  9695
2 22076  66.0379 219.8055 0007902 274.2755 180.5857 12.80972695956632
TDRS 6                  
1 22314U 93003B   13022.34401204 -.00000290  00000-0  10000-3 0  2374
2 22314  11.9307  42.6147 0012927 319.2546 197.9894  1.00262955 73377
TDRS 7                  
1 23613U 95035B   13021.87426044 -.00000199  00000-0  10000-3 0  3807
2 23613  13.4690  33.2308 0031643 346.2652 141.3156  1.00277991 64179
RXTE (XTE)              
1 23757U 95074A   13022.25002441  .00004981  00000-0  12088-3 0  8202
2 23757  22.9901 337.6932 0006020 350.0732   9.9621 15.36617587947501
TRMM                    
1 25063U 97074A   13023.09888789  .00015212  00000-0  21252-3 0  2246
2 25063  34.9607 274.4556 0001135 255.4518 104.5904 15.55926491865199
KIKU-7 (ETS-VII)        
1 25064U 97074B   13023.22856109  .00006263  00000-0  17831-3 0  8120
2 25064  34.9716 324.4602 0005459 329.7873  30.2530 15.35389284842478
ISS (ZARYA)             
1 25544U 98067A   13023.10342463  .00012538  00000-0  21087-3 0   757
2 25544  51.6479 109.0510 0013792 188.5239 240.0211 15.52047613812171
LANDSAT 7               
1 25682U 99020A   13023.21577664  .00000115  00000-0  35513-4 0  8289
2 25682  98.2104  94.8349 0000894 112.0909 248.0396 14.57106813732728
FUSE 1                  
1 25791U 99035A   13022.84716870  .00000292  00000-0  33431-4 0  4388
2 25791  24.9837 180.9734 0010622  58.2786  59.6557 14.42112976716488
TERRA                   
1 25994U 99068A   13023.16190499  .00000207  00000-0  55935-4 0  7784
2 25994  98.2101 100.1416 0001062  91.6672 268.4678 14.57115672696792
TDRS 8                  
1 26388U 00034A   13022.64095830 -.00000223  00000-0  10000-3 0  8112
2 26388   4.4315  73.6794 0003689 180.5156 187.6687  1.00265940 46127
EO-1                    
1 26619U 00075A   13023.12540930  .00001011  00000-0  20689-3 0  1284
2 26619  98.0513  89.0929 0011009 136.2031 224.0101 14.62849080648589
TIMED                   
1 26998U 01055B   13022.76308381  .00000373  00000-0  47572-4 0  3962
2 26998  74.0728 266.5194 0001523 322.5347  37.5726 14.85325330602725
TDRS 9                  
1 27389U 02011A   13022.16389549 -.00000262  00000-0  10000-3 0   666
2 27389   2.0051 119.4312 0013517 254.7558 125.4263  1.00278941 41373
AQUA                    
1 27424U 02022A   13022.97542469  .00000592  00000-0  14133-3 0  5626
2 27424  98.2204 326.3333 0001509  80.8067 279.3350 14.57134548570376
TDRS 10                 
1 27566U 02055A   13022.50927912  .00000083  00000-0  10000-3 0  7848
2 27566   2.0019  64.7478 0011877 199.7884 226.4260  1.00277217 37195
SORCE                   
1 27651U 03004A   13023.03983475  .00000754  00000-0  10354-3 0    89
2 27651  39.9952 247.7110 0024252 148.4431 211.7811 14.84225327541663
GALEX                   
1 27783U 03017A   13021.84949487  .00000547  00000-0  89235-4 0  6958
2 27783  28.9967 174.8769 0003634  52.7843 307.3063 14.60566123520088
GP-B                    
1 28230U 04014A   13022.86375185  .00000479  00000-0  66050-4 0  6410
2 28230  89.9089 146.3702 0003276  92.7065 267.4522 14.76825473471872
AURA                    
1 28376U 04026A   13022.63760492  .00000445  00000-0  10892-3 0  7010
2 28376  98.2204 328.1865 0000977 104.9523 255.1748 14.57074440453373
SWIFT                   
1 28485U 04047A   13022.43620235  .00002378  00000-0  17117-3 0  3551
2 28485  20.5558 150.8514 0013629 205.0823 154.9004 14.95769439446564
THEMIS A                
1 30580U 07004A   13016.41666667 -.00000454  00000-0  00000+0 0  5113
2 30580  11.7147  84.1320 8253311  33.3387  25.0600  1.04713165 21089
THEMIS D                
1 30797U 07004D   13016.41666667 -.00000525  00000-0  00000+0 0  6641
2 30797   8.0314  49.7607 8227084  63.3627 131.1700  1.04888212 20936
THEMIS E                
1 30798U 07004E   13016.41666667 -.00000478  00000-0  00000+0 0  6762
2 30798   7.9000  63.9460 8152565  51.1434  88.4054  1.04610694 21095
AIM                     
1 31304U 07015A   13022.87157916  .00004378  00000-0  38258-3 0  9391
2 31304  97.8453 137.9612 0010829 163.8055 196.3508 14.97268674313201
C/NOFS                  
1 32765U 08017A   13021.54704365  .00008241  00000-0  28677-3 0  2238
2 32765  13.0002 104.2137 0244814  60.9627  62.1849 15.00791207259358
FGRST (GLAST)           
1 33053U 08029A   13022.49579697  .00001053  00000-0  50365-4 0  2509
2 33053  25.5832 109.8946 0013983 103.6501 328.7229 15.06761181254323
WISE                    
1 36119U 09071A   13022.08003523  .00002487  00000-0  13067-3 0  9009
2 36119  97.5191  30.5853 0002718 159.2643 200.8696 15.16626308171655
