MACSAT 2 (M 2)          
1 20608U 90043B   13022.54666381  .00000391  00000-0  54639-4 0  8598
2 20608  89.7453  39.5703 0090239 294.4923 236.8740 14.73030128216881
TUBSAT A                
1 21577U 91050D   13022.92878340  .00000079  00000-0  40428-4 0  5709
2 21577  98.6418 346.1200 0007144  83.4463 276.7527 14.38836247129385
S80/T                   
1 22078U 92052C   13021.59265767 -.00000037  00000-0  10000-3 0  2719
2 22078  66.0862  85.9460 0007201 345.9956  14.0863 12.86753523960854
HEALTHSAT 1             
1 22827U 93061E   13022.91184427  .00000076  00000-0  45913-4 0  3290
2 22827  98.5991 331.1953 0008041 324.9308  66.6659 14.30534992  8300
TUBSAT B                
1 22970U 94003B   13023.20437242  .00000375  00000-0  94251-3 0   854
2 22970  82.5651 300.8250 0015975 193.7768 333.2873 13.16927635913190
CERISE                  
1 23606U 95033B   13023.19745195  .00001380  00000-0  15723-3 0  9787
2 23606  98.3549 223.9643 0006652 154.5088 205.6456 14.87945397947281
UPM/LBSAT               
1 23607U 95033C   13022.89408842  .00000294  00000-0  50645-4 0  1912
2 23607  98.2142 144.8583 0006514  20.4411 339.7067 14.75859339943013
FAISAT 2V               
1 24954U 97052B   13022.54263064  .00000072  00000-0  54161-4 0  6857
2 24954  82.9203  50.5066 0040102  35.5676 117.8540 13.79764488772044
MUBLCOM                 
1 25736U 99026B   13022.12324744  .00000419  00000-0  12851-3 0  8212
2 25736  97.6715 217.3532 0004672 335.1474  24.9494 14.45830044720687
RUBIN-3 & SL-8 R/B      
1 27561U 02054C   13023.01782937  .00000318  00000-0  84091-4 0  8029
2 27561  98.0262 176.1380 0048180 111.8368 248.7957 14.54337187538714
APRIZESAT 2             
1 28366U 04025A   13022.45678529  .00000050  00000-0  29846-4 0  3936
2 28366  98.2511 330.8365 0108761 178.3114 181.8455 14.35936900448951
SAUDICOMSAT 1           
1 28369U 04025D   13022.96236663  .00000259  00000-0  75536-4 0  4539
2 28369  97.9791  14.2580 0033178 305.7987  54.0123 14.51169115453734
SAUDICOMSAT 2           
1 28370U 04025E   13022.96221214  .00000207  00000-0  68406-4 0  4493
2 28370  98.0837 358.2138 0059138  16.7577 343.5544 14.46248592452202
APRIZESAT 1             
1 28372U 04025G   13022.98493698  .00000214  00000-0  67374-4 0  4394
2 28372  98.0319   5.2264 0046831 341.1074  18.8355 14.48605407452959
NANOSAT-1               
1 28493U 04049B   13022.99559033  .00000350  00000-0  65051-4 0  4583
2 28493  98.3835  36.0742 0005498  61.2567 298.9206 14.71427307434563
SAUDICOMSAT 7           
1 31119U 07012C   13022.49344841  .00000393  00000-0  88724-4 0  7569
2 31119  97.8318  44.7166 0062820  86.2539 274.5848 14.60101678307374
SAUDICOMSAT 6           
1 31121U 07012E   13022.48776436  .00000373  00000-0  89075-4 0  7546
2 31121  97.8494  34.8139 0079453 117.8676 243.0603 14.56943412306728
SAUDICOMSAT 5           
1 31124U 07012H   13022.53108696  .00000408  00000-0  89121-4 0  7622
2 31124  97.8269  50.4511 0054197  70.4571 290.2470 14.61723193307719
SAUDICOMSAT 3           
1 31125U 07012J   13022.08231588  .00000419  00000-0  88749-4 0  7773
2 31125  97.8247  55.5425 0045804  57.0802 303.4778 14.63302615307979
SAUDICOMSAT 4           
1 31127U 07012L   13022.50483498  .00000388  00000-0  89803-4 0  7600
2 31127  97.8401  40.0493 0070871 101.1784 259.7396 14.58617785307069
APRIZESAT 4             
1 35684U 09041D   13023.21528249  .00000566  00000-0  86547-4 0   972
2 35684  98.0584 299.8539 0048482 228.7900 130.9118 14.76963606187895
APRIZESAT 3             
1 35686U 09041F   13023.21153279  .00000623  00000-0  78246-4 0  1131
2 35686  98.1006 315.2293 0077452 192.3895 167.5411 14.83886211188735
AISSAT 1                
1 36797U 10035C   13023.08118146  .00001033  00000-0  13684-3 0  7449
2 36797  98.0436 106.8440 0012096 180.2207 179.8984 14.82024120137051
